1042
3996
3205
2647
857
4412
1873
2637
569
1682
4292
1491
379
4904
49
253
925
2090
3858
4904
1342
2379
3270
4172
2954
4683
3324
1776
2084
3898
3506
4708
2587
4932
928
2350
3149
1087
1776
1127
3537
1987
856
3069
1649
1039
2621
4355
2793
624
19
1729
3933
3418
2305
3902
4613
3270
4421
2829
3743
3899
569
2373
2587
3881
11
4819
1087
4802
1528
4794
3036
3506
994
2422
1652
340
3050
3333
568
128
4683
1421
1990
570
2763
1304
2131
4919
4819
1505
4797
1748
49
1784
4428
97
1313
4428
4613
629
763
3826
2134
2686
2924
1996
4811
4683
4107
3793
3418
2255
936
4170
2227
3660
4292
1862
4503
1899
661
12
504
3865
3004
1127
732
2497
569
3542
743
550
3142
3094
1708
1784
1087
1530
4299
2721
2902
2669
2697
367
1095
2996
3069
151
1229
2036
2362
4878
3944
2034
1249
407
1801
1335
4443
3069
857
210
1648
2505
4067
2651
3542
3258
4125
3555
4729
1746
3858
4421
4729
4107
2902
3865
3444
644
3042
1305
12
4683
3784
3784
1042
763
4286
3058
3082
709
545
2904
289
1619
3522
4956
