4383
886
2777
1915
2793
3335
386
492
1649
1421
2362
27
3690
59
2763
3926
540
3426
4172
736
211
368
2567
1429
782
1530
2862
123
4067
3135
3929
4802
4022
3058
3069
3167
1393
3456
11
3042
1229
2373
4421
4919
3784
3537
198
4324
3315
4370
1413
3526
1091
3980
4956
1873
1862
4170
1996
2281
2305
925
2084
1327
336
1505
846
1729
1313
857
1124
3895
4582
545
3814
3367
434
364
4043
3750
1087
1808
2276
2178
788
3584
403
2651
2754
2399
4932
60
4676
3368
2739
12
1226
3586
3094
2539
795
570
1434
378
2467
1601
97
2902
3317
492
1652
756
2301
280
4286
4441
3865
4689
3444
1619
3440
4729
3031
3117
3097
771
4481
675
709
3927
4567
2856
4497
2353
4586
1965
306
4683
1219
3624
1528
2871
732
3829
4503
19
3270
3368
4708
1715
1340
3149
2796
723
2618
2245
2846
3451
2921
3555
2379
2488
2764
3228
4841
2350
193
1500
2034
2764
124
4914
1987
856
3743
1491
2227
3365
4859
1936
1432
2551
1437
4228
3275
407
1474
1121
3858
4395
1029
1237
3235
3793
818
4428
1143
1011
928
4529
3776
2404
4443
763
4613
4538
3606
1840
2904
4818
128
688
2369
2917
4917
1996
3324
2743
4470
2183
3490
499
4772
1725
644
590
2505
3139
2954
4786
2669
3082
3542
3464
197
4507
4355
3804
1348
3611
3622
2828
4299
2343
746
568
4340
422
3311
3810
2605
1801
661
3730
4878
1305
4320
3736
4444
3626
3522
3465
1708
3416
3282
3258
2924
2637
2062
624
2600
2036
3452
1899
4379
550
2468
71
973
2131
3881
4930
3933
894
3660
163
2199
2981
3899
2996
2959
3773
2813
4668
2190
1095
2926
1466
84
1340
2090
2684
3376
542
936
4107
2445
4756
4179
3418
1887
4412
3348
2172
1659
2009
2336
210
1342
2587
3206
4301
2713
2372
321
1255
4819
4599
2721
4904
939
4811
3940
667
1705
1228
1127
4150
984
1658
3920
4224
2422
2269
1396
4081
630
84
4292
1972
2672
3850
2625
385
1222
4299
1640
1042
3898
713
2298
1190
524
2590
3209
3581
3819
4336
2732
1155
994
3004
379
4769
273
1776
3850
2255
1860
3142
579
884
1993
3205
2621
4567
2504
613
1961
2754
1326
4259
3944
3202
3202
3506
1784
2021
2842
868
4528
189
3872
4908
4958
498
3036
3808
2753
1248
3303
3333
2133
1648
2890
4754
2567
1746
368
4529
4500
3046
3788
4797
1249
1990
3303
3033
363
2497
253
4892
2686
4125
1152
3996
975
4188
4157
3729
436
2460
3414
3921
460
1304
28
3027
3050
1748
2556
3902
4794
2697
3699
1043
1039
2002
428
1403
4500
681
2647
3538
1159
151
2535
2134
4339
1692
2215
1127
504
629
49
964
3285
1429
343
1335
3177
2900
238
2971
1949
289
367
2988
2292
795
743
3144
2829
3390
1682
340
3541
569
3826
4232
