011010100001100110101000000000000000000000000000
011010000111001100101001000000000000000000000000
011010100101000110101011000000001000000000000000
101010100001000011101010000000000010000000001000
000010000001000101101000000111000001010001000100
001011110001100110101001000000000000000000001000
101010100001000110101010000000000000000000001000
111011011101111111111011000000000000000000001000
001010000101000110101010000000000000000000001000
100000100111000110101010000000000000000000000000
000010000001000000101000000000000000000000000000
101011110011000110111000000000000000000000001000
110011101101100111101010000000000000001000000000
001010000000101011101000000000000000000000000000
001001010000000000000010000000000000000100000000
001011010001100111101001000000000000000000001000
101010111000010000000010000000000000000000000000
001011000000000100101010000000000000100000000000
000000000000000000000000000000000000000000001000
001010000001000110101110000000000000000100000000
001010011001000100101001000000000000000000000000
001010000001000010101010000000000000000000001000
000010000100000000101000000000000000000000000000
000010000101000000100000000100000000000000000100
101010000011000000101000000000000010000000001000
000001010000000000101000000000000000000000000000
000000000000000110101000000000000000000000001000
001110101110000101101000100000000100100100000000
101010001111100110101011000000000000000000001000
000011100001000000101100000000000000000000000000
001000000001000100100000000000000000000000000000
001011101101100010000010000000000000000000000000
101011000111110010111011000000000000000000101000
101010001111100110101001000000000000000100001001
000000100000000000000000000000000000000000000000
001010110101101011101010000000000000000100000000
000000010100000000000000000000000000100000000000
000001000001000111101000000000001000000000000000
011000100110000100100000000000000000000000000000
001010000000101011101000000000000000000000000000
111011011001101001111011110000000000000000011000
101010100001000011101010000000000010000000001000
110010010000100001101001000000000000000000000000
111011111111000101111001000000000010001000000000
000000100101100001101001000000000000000000000000
101000010001001011101010000000000000000100000000
001011101111100100111001000000000000000000000000
000010000101000000111000000000000000000000001000
111011011111111111101011000000000000000000001000
001010100001000110101000000000000000000000001000
011000100111100110101000000000000000000000001000
001010000001000100000000000100000001001000000100
000000000000000000101000000000000000000000000000
111011111111101111111011000000000000000100001000
000000000000000000000000000000000000000000000000
000011011100000010111001000000000000000000000000
000010010001000000101000000000000000000000000000
000110111101000010111000000000000000000000000000
001011110001100110101001000000000000000000001000
000010000101000000101000000000000000000000000000
010000001000000000101001000000000000000000000000
101011011001110010101011000000000000000000000000
000000100111001101101110000000000000100000000000
000000010000000000000000000000000000000000001000
011010000001000101101000000000000000000000001000
111011011111000011111001000000000000000100000000
000000000000000000101000000000000000000000000000
000000100000000110100000000000000000000000000000
101011111111000011111001000000000000000100000000
000000000100000000000000000000000000000000000000
010000000100000001100001000000000000000000000000
001010101000100111101010000000000000000000000000
111011011101111111111011000000000000000000001000
001001110001000010111000000000000000000000000000
111010010111000100101000000000000000000000100000
000000100000000100000000000000000000000000000000
011010000011011111101000000000000000000000000000
111011011111000011111000000000000000000100000000
001000000001000000101001000000000000000000000000
001100010000100011111001000000000000000000000000
101011011001010000101011000000000000000000001000
011010000001000101101000000000000000000000000000
001000100000000100000000000000000000000000001000
000010100000000000000000000000000001000000000000
010011101111110111101001000000000000100000000000
101010000000000110101010000000000000000000000000
000100000000000000101001000000000000000000000000
000010000001000111101000000111000001010001001100
001011010100100010101000000000000000000000000000
000010000000000100000000000000000000000000000000
111011111111110110101011000000000000000000001000
101010100101001100101011000000000000000000001000
001011010101000100101010000000000000000000000000
001010110001000111101001000000000001000000001000
011011100110100110101010000000000000000000001101
001000000001000000101000000000000000000000000000
001000010011000000101011000000000000000000000000
101000011101000111111011000000000000000000000000
011010100110101101111000000000000000000100000000
001010100000100000101001000000000000000000000000
000000000000000000000010000000000000000000001000
000000111100000011101010000000000000000000000000
111011001111101101111011000000000000000000000000
000000100101100000101010000000000000000000000000
011001111111001110111010000000000000100100000000
000011111100000001101010000000000000000000110000
111011001111101101111011000000000000000000000000
011010110000000101101000000000000000000000001000
100010100001000001101001000000000000100000000000
000000000000000000000000000000000000100000000000
000000000000000000100000000000000000000000000000
000000000000000000001000000000000000000000000000
001011110001100110101001000000000000000000001000
000000000000000100000000000000000000000000000000
101011011001000010101001000000000000100100100000
000000000000000000000000000000000000000000000000
000000000000000100110000000000000000000000000000
010001000001000000001001000000000000000000001000
001010001000000110101010000000000000000000001000
101010101010000100101001000000001001101000000000
000000010000000000100000000000000000000000000000
111010010101010100101000000000000000000000000000
000001000100000100100010000000000000000000000000
011010000111001100101000000000000000000000001000
101011000000000001101010000000000000000000000000
101010101010000100101001000000001001101000000000
101010000000000110101010000000000000000000000000
001010000000000100101000000000000000000000001000
001010100000100000101001000000000000000000000000
000000000010000100101000000000000000000000000000
000010000111000101101000110000000000000000000100
010000100100000110001000000000000000000000000000
101011010001001111101001000000000000000100000000
100000000001000000101000000000000000000000000000
001011100101000100101010000000000000000000000000
111000101111000100101001000000000001001000000000
000001010011110010000010100000001001100000000000
000000000100000000100001000000000000000000000000
001011011001000010101010000000000000000100000000
101010100101001100101011000000000000000000001000
000000000000000100001000000000000000000000010000
111011001111100110101011000000000000000000001000
101010010001000000101000000000000000000000000000
101111110011100101101011000000000000100000001000
101011101111010110111011000000000000000000000000
000010000101000100101000000000000000000001001000
001010010001000110111000000000000000000000000000
111011111111111111101011000000000000000000001000
000010000000000000000100000000000000000000000000
111011111111001011111011000000000000000000100000
001011110011000111111001000000000000000000000000
011010010101000111111000100000000000000000000000
101010100001000110101010000000000000000000001000
101010001111100110101011000000000000000000001000
111011010101000110111011000000000000000001000010
010010110101000100101000000000001000010000011000
011010000001000101101000000000000000000000001000
001011110001100110101001000000000000000000001000
000000000000000000110100000000000000000000000000
101010000000000110101010000000000000000000000000
001010001001000001101000000000000000000000001000
011010000001000101101000000000000000000000001000
011010000111001100101000000000000000000000001000
101011011111110010111011000000000000000000000000
011111010111010111111011000000000001000100000000
011010100110000100111001000000000000100100000000
101010101111000001111001000000001000000000100000
000010000001100100101001000000000000000000000000
111011101111001101101010000000000000000100000000
011010000001000101101000000000000000000000000000
111000000001000101101001000000000000000000001000
001000100001000010101000000000000000000000001000
000000000000000100000000000000000000000000000000
101011101111010110111011000000000000000000000000
111011101111101101111011000000000000000000101100
101000001000000100101000000000000000000000000000
111001011101101111111011000000000010000000000000
001000000001000000100000000000000000000000000000
000000000000000111111110000000000000000000000000
011010000001000101101000000000000000000000000000
001000000000000100000000110000000000000000000000
001011100101100010100010000000000000100000000000
101010001100000000111000100000000000000000000000
101011100111100111101010000000000000000000001000
011010111111000101101001000000000000010000001000
001010000001100110101010000000000000000000001000
011011100011000101101010000000000000000100001000
011010011111101011111001000000000001000000000000
011010010011000111101010000000000000000100000000
001010000000000100101000000000000000000000001000
010000000000000100100000000000000000000000000000
011010000001000101101000000000000000000000000000
000001100011000111101000000000000000000000000000
000000000000000000101000110001000000000000011000
111011111111101111111011000000000000000100111100
100010100010010101111000000000000000000000000000
111011101111101101111011000000000000000000101100
000000001000000000101000000000000000000000000000
101111111111110011111111000000000000000000000000
000010101101000001101010110000000000001000000000
000000000101000000100000000000000010000000001100
101011011001010000101011000000000000000000001000
000000010000000010000000000000000000000000001000
111011001111100010111001000000000000000000001000
001000000000000100100010000000000000000000000000
001010000000000110101110000000000000000000001000
001010101110000101100000000000000000000100000000
001001100000000100100010000000000000000000000000
001011000001000100101000000000000000000000000000
101011100111000111101001000000000000000000000000
101001000011000101101000000000000000000000000000
001000100010000001100110000000000000000000001000
111011011111111111101011000000000000000000101000
000000100001000000100000000000000000000000000000
000000000001000000100000000000000000000000000000
111011001101100010111001000000000000000000001000
000000000000000000000000000000000000000000000000
101000001101000100101001000000000000000000000000
111010001101100100111001000010000000000001001000
111011011111101111111111000000000001001000001000
000010000000010100000000000000001000000000100100
101011111111110011111011000000000000000000000000
000010000000000100000000000000000000000000000000
111010001101100100111001000010000000000001001000
100011000101000010101001000000000001000000000000
011010111111000101101101000000000000010000001000
001010100001101011101000000000000000000000000000
000000010100000101101000000000000001000000000000
000000000101000100111100000000000000000000001000
000010101111100101101000000000000000000100001000
000000000101000000101000000000000000000000000000
000011100000000000101010000000000000000000000000
000010001001000100101000000000000000000000000000
111011110111111001101011000000000000000000000000
011010000001000101101000000000000000000000001000
001010110101101001101010000000000000000100000000
000010100000000101101000000000000000000000000000
110000001110001000101011000000000000000000000000
000000010000000010000000000000000000000000001000
000000000000100000101010000000000000000000000000
101011111001010010000010000000000000000000000000
000000001000000000101000000000000000000000000000
011010110001111000111001000000001000000000000000
000010000000000000000000000000000000000000000000
100011000101000010101001000000000001000000000000
011011101111101100111011000000000000000000100100
000000000000000000000000000000000000000000001000
000000100000000000100001000000000000000000000000
010011011111000101111111000000000000000000000000
111010101111101010111001000000000010000001000000
100000000000000100100100000000000000000000000000
101011011001000000101001000000000000000101001000
000000000000000000000010000000000000000000001000
001001000000000100100010000000000000100000000000
101000100101000110101011000000000000000000000000
001010011000000000101000000000000000000000000000
101011111101110011101011000000000000000000000000
101110000001000000101000000000000000000000000000
001000000000100011101000000000000000000000000000
111001101111100100101000000000000000000000001000
000000010001000000101000000000000001000000000000
011001011101000010101001001000000000000000000000
111000111001001101100000000000000000000000000000
101011110111100111101011000000000000000000000000
001011101011100010101010000000000000100000101000
011010001101100110101001000000000000000000000000
010001110011101111101000000000000000000000000000
000000010000000100100000000000000000000000000000
101010100011000100101000000000000000100001000000
100001100101000100101000000000000000000000000000
000000000000000100101000000000000000000000000000
111011111111110110101011000000000000000000001000
111011110101001111101000000000000000000000000000
000000001000000000101000000000000000000000000000
101000010001000000101010000000000000000000000000
101010001111100110101001000000000000000100001001
000001000100000100100010000000000000000000000000
000000000011000000100000000000000000000000000000
111000001111000001111001000000000000010000000000
001010010001001011101010000000000000001100000000
001011000000000100101010000000000000000000000000
000000000000010000000000000000000001000000001000
101010000000000011101000000000000000000000000000
000000000000000000010000000000000000000000000000
000000010000000100100000000000001000000000000000
101011111101110011101011000000000000000000000000
000000010010000000101010000000000000000000000000
000010100000000100001000000000000000000000010000
010011010111010000101010100000000000100001001000
000010000000000000100000000000000000000000000000
001010001101010100101000000000000000000000000000
111011110111101000101011000000001000000000000000
000010000101000110101000000000000000000000001000
000000000000000100101000000000000000000000000000
101011111101110011101011000000000000000000000000
000010000100000000101000000000000000000000000000
001011110001100110101001000000000000000000001000
100010000011100110101000000000000000000000001000
101011011111000010111011000000000000000000000000
100000000001000010100000000000000000000000001000
000000010000000000100000000000000000000000000000
100001010101100000101011000000000000000000000000
000000010100000101101000000000000001000000000000
101011101000100010101001000000000000000000000000
000000000000010000000000000000000001000000001000
011011111111111110111011000000001000000000001100
001011110011000111111001000000000000000000000000
001010011001000000111010000000000000000000000000
101011111101110011101011000000000000000000000000
111011010101000110111011000000000000000001000010
111011010111101001101011000000000000000000000000
000000000100000000000000000000000000000000000000
000000010000000000000010000000000000000000001000
100010000000000100101000000000000000100000000000
111011101111101101111011000000000000000000101100
111000001111000101111001000000000000010000000000
111011111111101111111011000000000000000100001000
111001011101101111111011000000000010000000000000
111011001101100010101001000000000000000000000000
001011110001100110101001000000000000000000001000
000000000000000100101000000000000000000000000000
100000000001000100101001000000000000000000000000
001010101010000101100000100000000000000000000000
000000000000000000000000000000000000000000000000
000000000000000000000000000000000001000000001000
111010001101100100111001000010000000000001001000
001011110001100110101001000000000000000000001000
111011111111000101111001000000000010001000000000
001000100101000111111000000000000000000100000010
001011110001100110101001000000000000000000001000
111011111111111111101011000000000000000000001000
010011110101000000101000000000001000000000000000
111011111111000011111000000000000000000100001000
101011101111010110111011000000000000000000000000
000010100000000110100000000000001000000000000000
111011101111101101111011000000000000000000101100
000011000101000000100000000001000000000000000000
010001001001010101101001000000000000000000000000
111011101101010111101011000000000000000000000000
001010000001000100101001000000000000000000000000
000100100101001001101010000000000000100000000000
101011111111110011111011000000000000000000101000
111001111101010100111001000000000000000000000000
101010000001000110101010000000000000000000000000
000000000001000100100000000000000000000000000000
001100100101000100100000000000000000000000001000
111011111111000101111001000000000010001000000000
101010100001000110101010000000000000000000000000
000010000100000100100000000100000000000000000100
000010000000000000000100000000000000000000000000
011000000000000000111001000000010000000000000000
001010100001000110101010000000000000000000001000
000000000000100100101010000000000000000000000000
001010100001000100100000000000000000000000000000
000000000000010000000000000100000000000000000100
001000000001000001101000000000001000000000000000
001011000001000100101001000000000000000000000000
111011101111101101111011000000000000000000101100
000010000011000010111001000000000000000000000000
000011110010000100101000000000000000000000001000
001001110011000101111001000000000000000000000000
001010010001000100101001000000000000000000001000
001011110011100101101000000000000010000000000000
011010111101001110111000000000000001000100000000
101011111101110011101011000000000000000000000000
000000000000000100100000000000000000000000000000
111010101111100001111001000000000001000000001000
001010101101010000101000000000000000000000000000
010000000110000000101000100100100010100000000000
000000000000000100101000000000000000000000001000
001010010111000110101000000000000000000000000000
011011100001000101101001000000000000000000000000
010000100111000101101000000000000000000000001000
100011000101000010101001000000000001000000000000
001010000000000010001000000000000000000100001000
000010000001000101101000000000000000000000000000
000001001001000000000000000100000001001000000000
001000100111000100101011000000000000000000000000
000000001101000000101000000000000000000000000000
011010100110101101111000000000000000000100001000
111011101101010110101011000000000000000000000000
001011010001100111101001000000000000000000001000
000000000000001101101010000000001000000000100000
000110000000100101001010000000000000000000000000
001011110011000101111001000000000000000000000000
111011011111000011111000000000000000000100000000
000000111110000010011000000000000000100000000000
111001110111101101101011000000000000000000000000
101011000101000010101010001000000000000000000000
010010100001000001101000000000000000000000000000
000011100111100110101000000000000000000000000000
010010100100000101100000000000000001000000000000
101010100001000110101010000000000000000000001000
011010000001000101101000000000000000000000001000
100000101001000100100010000000000000000000000000
111011111111101101101011000000000000000010001000
001000000001000000101001000000000000000000000000
101011011001010000101011000000000000000000001000
101010100001000110101010000000000000000000000000
011010100000000011101011000000000000000000000000
000000000000000000100000000000000000000000000000
000010100000000001111000000000000000000000000000
100000010001101111101010000000000000000000000000
000011010100001001101000000000000001000100000000
000010111111000010111000000000000000000000000000
001011110001100110101001000000000000000000001000
000000010100000000000000000000000000100000000000
000010000001000110101000000000000000000000001000
011011100101000001101000000000000000000000001000
001010100000101011101000000000000000000000000000
101000011101000111111011000000000000000000000000
000000000000000100101000000000000000000000000000
000000000000000000101010000000000000000000000000
101010101100000000111000100000000000000000000000
111011010111101111101000000100000000000100000000
001010110100000000101000000000000000000100000000
111011111111101111111011000000000000000100001000
001011000011100000101001000000000100001000000000
000000100001000010101000000000000000000000000000
101011011001100101101001000000000010000000000000
101010100111100011101111000000001000000000000000
001010101001000001101001000000000000000000000000
111011000101101010101000000000000000000000000000
001000100101000000101001000000000000000000000000
110010010111000100111001000000000000000000000000
101010001111100110101011000000000000000000001000
010000110100010000001010110001000000001000001000
101011011001010000101011000000000000000000001000
000010000001000010101000000000000000000000000000
111011111111111111111011000000000000000100001000
111011101111101011101001000000000000100000000000
101011011111000111111011000000000000000000000000
111011111111101111101011000000000000000100000100
001011000001000010101010000000000000000000001000
001010000001000100000010000000001001000000000000
101011100111100111101010000000000000000000001000
001010000100000100101000000000000000000000001000
101011100001000111101011000000000000000000000000
000000100000000100001000000000000000000100000000
001000000001000000101001000000000000000000000000
011010110111101110101000000000000000000000000000
011010100000000100101000000000000000000000000000
101010001100000000111000100000000000000000000000
011010101101100110101001000000000000000000000000
101000100001100100101010000000000000000000001000
001001001001000100101001000000000000000000000000
011000100101000110101000000000000000000000001000
111000001111000101111001000000000000010000000000
001011000001010000101000000001000000000000010000
110000111101000011101000000000000000000000000000
000000100000000000101000000000000000000000000000
000011100000100110101000000000000000000000000000
111010001101101101101001000000000000000100000000
001000100011000100101000000000000000000000000000
101010101101101110111001000000000000000000000000
100110110000010111101001000000000000000000000000
000000010000010000000010000000000000000000001000
001011111101000010000010000000000000000000000000
111001111101010100111001000000000000000000000000
000000100000000000100001000000000000000000000000
000110000000000100100000000000000000000000000000
101011111111110011111011000000000000000000101000
101111111111110011111111000000000000000000000000
001000000001000000101001000000000000000000000000
010001100011100101101001000000000000000000000000
000001010000000000101000000000000000000000000000
001010100100000010101001000000000000000000000000
101010001101000100101001000000000000010000100000
101011000000000001101010000000000000000000000000
011010100001100110101000000000000000000000000000
010010000010000101101000000000000000000000000000
000010110101000011101000000000000010000000000000
011000100110000100101010000000000000000000000000
000000010010000100101000000000000000000000000000
000000010000000001101110000000000000000000000000
101011111111110011111011000000000000000000000000
111011011111111111101011000000000000000000001000
001000000001000000101001000000000000000000000000
001001000000000100100010000000000000100000000000
001010101110000101100000100000000000100100000000
001001000000000100101110000000000000000000000000
000000000001000000100000000000000000000000000000
000000000000000000000000000000000001000000001000
010000000001000000000000000000000001001000000000
000011110010000100101001000000000000000000000000
000000100000000100000000000000000000000000000000
001011101101100010000010000000000000000000000000
101000000001100010101110000000000000001000000000
011010010001001011101010000000000000000100000000
000000000000000100101000000000000000000000001000
111011011111000011111000000000000000000100000000
101010000000000110101010000000000000000000000000
111010010101010100101000000000000000000000000000
000000000000000000101000000000000000000000000000
000000010011100100111011000000000000000000000000
001000100000000100000000000000000000000000001000
001010000100000100101000000000000000000000000000
100000100111000110101010000000000000000000000000
111011010011000110101000000000000001000100001000
111011111111111111111011000000000000000100001000
010000100000000110001000000000000000100000000000
000001110001000001100000000000000001000001000000
000100010000000100001000000000000000000000000000
111000001111000001111001000000000000010000001000
000000000001000000000000000100000001001000000000
011011110011100111101000000000000001000000000000
000000111110000010011000000000000000100000000000
011000110101000010101000000000000000000000000000
100000000001000001101000000000000001000000000000
011000001101001101101011000000000001000000000000
111010001101100100111001000010000000000001001000
001000000001000000101001000000000000000000000000
011010100001100110101000000000000000000000000000
000000000000000000001010000000000000000000000000
001010010100000011101000000000000000000000000000
000011100000100111101000000000000000000000000000
111011011111101111101011000000000001000100000000
001001001001000100101001000000000000000000000000
000000100000000100100000000000000000000000000000
001000000000000100000000000000000000000000000000
011010100100001100111000000000101000000100000000
001010100101000110101010000000000000000000001000
110011100111100101101000000000000000000100000000
111010000101100100101000000000000000000000000000
011011110111010111111111000000000001100100000000
001010111101011101101010000000001000000000001000
111011111111111111111011000000000000000100001000
011000100011001101101000000000000000000000000000
111000001001000100101001000000000000000000000000
101010101010000100101001000000001001101000000000
111011101111101101111011000000000000000000101100
111011111111000101111001000000000010001000000000
001000000001000101101000000000000000000000000000
000010000001000110101000000000000000000000001000
111011101011100101111000000000001000000000000000
000010100110100000101000000000000000000000000000
010000000000000111101000000000000000000000001000
000000100011000000100000000000000000000000000000
000000100001000101101000000000000000000000000000
011011100101000101101001000000000000000000000000
000010100101000000111000000000000000000000000000
000010000001000111101000000111000001010001001100
000000100011000101101000000000000000000000000000
000000000000000000000000000100000000000000000000
111101011101010101111001000000000000000000000000
010010100001101000101000000000000001000000000000
100010100001000001101001000000000000100000000000
111010010001000111101001000000000000100000000000
100011100111100001101010000000000001000000000001
101001000101100110101011000000000000000000000000
011010010111000111101000000000000000000100000000
011010010101000110101000000000000000000100000000
101011111101110011101011000000000000000000000000
001011101101100010000010000000000000000000000000
000000000000000000100000000000000000000000000000
000001000000000000100000000000000000000000000000
011010001101001010101000000000000000000000000000
001011100110001011111110000000000000000000000000
001100100100000100101000000000000000000000000000
101011111111110011111011000000000000000000000000
101011100001000111101011000000000000000000000000
001011000011010011101000000000000000000000000000
010000000111000111101000000000000000000100000000
011010100110101101111000000100001000000000000000
100010000000000100101000000000000000100000000000
000011000000100111101000000000000000000000000000
000000000000000110101000000000000000000000001000
100001000001100000101000000000000000000000000000
000000000001000000100000000000000000000000000000
011001011101000010101001001000000000000000000000
101110110011000001101010000001000001000000000000
000000000000000100101000000000000000000000001000
000010000001000101101000000111000001010001000111
100000100000000011101001000000000000000000000000
001010000101000110101010000000000000000000001000
101010100001000110101010000000000000000000001000
001011001111000100101111000000000001000000000000
101010100101001101101011000000000000000000001000
101010001100000000110000100000000000000000000000
000000000000010000000000000100000001000000000100
111011111111101111111011000000000000000100111100
000000000000000000000000000100001000001000000000
000000000000010000000000000000000001000000001000
111011110111100001101000000000000000000000000000
000000001000000000101000000000000000000000000000
001010110111000101101010000000000000100000000000
001000000001000000101001000000000000000000000000
111001011101101111111011000000000010000000000000
011011100011000111101010000000001000000000000000
000000000000000000000000000000000000000000001000
111011011111101111101011000000000001000100000000
101011111111000011111001000000000000000100000000
001001010001100110101001000000000000000000000000
101010100001000110101010000000000000000000000000
101011101101001111101001000000000000000001000000
011011100101000001101000000000000000000000001000
000010111100000010111000000000000000000000000000
110010010001000111111000000000000000000000000000
001010000000000000111100000000000000000000000000
000001000000000000100100000000000000000000000000
000000001000000000101000000000000000000000000000
001000000101001101101000000000000000100000000001
000000000000000000000001000000000000000000000000
110000000000000101001001000000000000000000000000
000011100111000001101010000000000001000000001000
001010000000000001101000000000000000000000001000
001000100000000000101000000000000000000000000000
001011110001100110101001000000000000000000001000
100000100000000011101001000000000000000000000000
001010011001000100101001000000000000000000000000
111001111111111100101111000000000000000000100000
111001011101101011111011000000000010000000000000
101011110011000111101000000000000000000000000000
000000000000000000000000100000001000000000000000
010000000001000001101000000000000000000000000000
001011000001000100101000000000000000000000000000
000000000000000000100000000000000000000000000000
000000000100000100100000000000000000000000000000
010011001001001111101011000100000000000100000000
011011100101101111101000000000000000000100000000
101011011111110010111011000000000000000000100000
000010100000001001100000000000000001000000001000
101010101100000000111000100000000000000000000000
011010000001000101101000000000000000000000001000
000010101000000000101010000000000000000000100000
001010000001000100101001000000000000000000000000
111010010101010100101000000000000000000000000000
000010010000000100000000000000000000000000000000
100010100001000000101000000000000000000000000000
011010110000000101101000000000000000000000001000
001010100001000001101000000000000000000000000000
101010000001000110101010000000000000000000000000
000000100101000000101000000000000000000000000000
111011011001101001111011110000000000000000011000
001010100100000110101010000000000000000000001000
011010100110101101111000000100001000000000000000
111011011111111111101011000000000000000000001000
001010000001000110101010000000000000000000001000
111011111101101101101011000000000000000100000000
001100010000100011111001000000000000000000000000
001010000100000001100000000000000000000000001000
001000000000000000101000000000000000000000000000
011011111101100100101001000000000000000000000000
000000000000000000001100000000000000000000000000
001011000001100000100000000000000000000000000000
111011101111101101111011000000000000000000101100
001000011000000000100000000000000000000000000000
001000101101011100111001000000000000000000000000
001010000000000011100000000000000000000000000000
111011111111110111101011000000000000000000001000
111011111111000101111001000000000010001000000000
100010000101000100101001000000000000000000001000
000000000000000000100000000000000000000000001000
010000100111000101101000000000000000000000001000
101011101111010110111011000000000000000000000000
111011001101100010111001000000000000000000000000
000010111111100100101000000000000000000000000000
000000000000000000101000000000000000000000000000
000000010000000000000100000000000000000000000000
011000100111100110101000000000000000000000001000
101000000100000110101000000000000000000000000000
101011011111000010111000000000000000000100000000
101010001101000100101001000000000000010000100000
001010001111000100111000000000000000000000000000
011000000001000001101010000000000000000000000000
101010000001000100101001000000000000000000000001
000001010111000010101010000000000000000000000000
000010100011000101111000000000000000000000000000
101011000001100110101011000000000000000000000000
010010100001001000101001000000000000000000000000
001001100001100000100000000000000000000000000000
001010000100000100101000000000000000000000001000
011011001001100010101000000000000001000000000000
010011111101100110111000000000000000000100001000
000000000000000000101000000000000000000000000000
000000010000000000000010000000000000000000001000
100011001010100010101011000000000000000000000000
000011110010000100101001000000000000000000000000
111011011111111110101011000000000000000000001000
010000100101000001100000000000000000000000000000
111001111101000111111010000000000000000000000000
111011100001100011101010000000000000000000000000
000010010110000100100000000000000000000000000000
000000100101100100100000000000000000000000000000
000000000000000000000000000100000000000000000000
011011111111111110111011000000001001000000001100
111011011111111110101011000000000000000000001000
000001000001000000000000000000000000000000000000
100000000000000000000000000000000000000000000000
101011000000000001101010000000000000000000000000
010000100000000110001000000000000000000000000000
001010000000000100101000000000000000000000001000
000000000000000100101000000000000000000000001000
001010000001000000101001000000000000000000000000
000000000000010010100000000100000000000000010100
101000000000000110101010000000000000000000000000
001010000000101011101000000000000000000000000000
001010000000000010101100000000000000000000000000
111000001111000001111001000000000000010000000000
101000101101000100101000000000000000100000000000
111011011111100111101011000000000000000100001000
000000100000000100000000000000000000000000000000
011000000010100100101000000000000000000100000000
000010000001000101101000000000000000000000000000
000010100011000110111001000000000000000000000000
010010100101000001101000110000000000000000001000
000010110101000100101000000000000000000000001000
000000000000100100101010000000000000000000000000
000000000000010000000000000100000000000000000100
011000000000000000111001000000010000000000000000
101010000100000110101010000000000000000000000000
000001000000000100100010000000000000100000000000
011010100111000100101000000000000000000000000000
011010100001100110101000000000000000000000000000
011000000001000001101010000000000000000000000000
111010000101000100101000000000000000000000000000
001010100001000100100000000000000000000100000000
000000000000000000100000000000000000000000000000
001011001001100010101011000000000010000000000000
000110010000000001100000000000000000000000000000
000000000000000000100000000000000000000000000000
001011101101000101101000000000000000000100001000
011010100110101101111000000000000000000100000000
011011000001000101101000000000000000000000000000
011010010110000100111001000000000000100100000000
111011111111111111101011000000000000000100001010
101010001100000000111000100000000000000000000000
111011010011000000101010000000001000100100000000
000010100001000010101000000000000000000000000000
000010011100000010011000000000000000000000000000
001010001111000100111000000000000000000000000000
100000000011100010101000000000000001000000000000
010011000100100110100000000000000000000000001000
010011001001001111101011000100000000000100000000
101011011001110010101011000000000000000000000000
001000100000000100101000000000000000001000000000
000000100001000001101010000000000001000000000000
111010100111101101111000000000000000000000000000
000010010011010011101000000000000001000000000000
001000000001000000101001000000000000000000000000
001000000000000101101000000000000000000000000000
111011110111111001101011000000000000000000000000
111011111111111110101011000000000000000000001000
000000000000100000101010000000000000000000000000
011011000111100011111000000000000000000000100000
000010000000000100101000000000000000000000000000
000000100001000011101000000000000000000000000000
110010111001000001101001000000000000000000001000
101011011111000010111000000000000000000100000000
000010100010000000101000000000000000000000000000
111011011001110110101011000010000001110100101000
101010001111100110101011000000000000000000001000
000000100000100000110000000000000000000000100000
101011100011000111111011000000000000000000000000
010000000000000111101000000000000000000000001000
011010011111101011111001000000000001000000000000
111011001101100010101001000000000000000000000000
000010000000000100000000000000000000000000000000
101000100010100000101001000000001000110000000000
001011000000000011111110000000000000000000001000
000000010000100010000010000000000000000000000000
101011011001010000101011000000000000000000001000
011001010111000100111001000000000000000000000000
011001011101000010101001001000000000000000000000
000001000000000000101100000000000000000000001000
000000000001000100101001000000000001000000000000
001001001001000100101001000000000000000000000000
111001011101101111111011000000000010000000000000
011011111111111110111011000000001001000000001100
001010001111000100111000000000000000000000000000
000010100000000100001000000000000000000000010000
100010000000000100100001000000000000000000000000
101000110001000001101000000000000001000000000000
111011101101010111101011000000000010000000000000
011011101011100011111011000000000000000000101000
101001000001100011101001000000000000000000000000
101101001010001111001001000000001000000000000100
000000000000000100000000000000000000000000000000
000000000000000000100000000000000000000000000000
000000000100000000100001000000000000000000000000
011010000001000101101000000000000000000000000000
001011110001100110101001000000000000000000001000
010010100111000011101000000000000000000000000000
011010110101100101101010000000000000100000000000
001000000001000000101001000000000000000000000000
001001100011000100111010000000000000000000000000
011000011111000010100000000000000000000000000000
000000010000000000001000000000000000000000001000
000011000001100010101000000000000000000000000000
111011111111000101111001000000000010001000000000
111011001111100111111011000000000000000000000000
000010000000000000000000000000000000000000000000
000010000001000100101000000000000000000000001000
011010101111101000101011000000000010000000000100
111011111111111111101011000000000000000000001000
000000001000000000101000000000000000000000000000
111000101111000001101001000000000000000000000000
000010100000000001111000000000000000000000000000
001010001111000100111000000000000000000000000000
010010010101000100101011000000000000000000001000
111011111111111111101011000000001000010000001000
000000100001000000100000000000000000000000000000
100011000101000010101001000000000001000000000000
111011111111110110101011000000000000000000001000
101011001111110010111011000000000000000000100000
001010100011000000111110000000000000000000001000
011000100111000101101000000000000000100000001000
011011011101100001101010000000000000000000001000
111011111111110110101011000000000000000000001000
101011101111010110111011000000000000000000000000
011000010010000101100010000000000000000000000000
111011111111111111101011000000000000000000001000
001001100000000100100010000000000000000000000000
001010000000000100101000000000000000000000001000
001000100101000111111000000000000000000100000010
111011111111111001111011000000000010001100000000
001010010001001011101010000000000000000100000000
100000000101000100101010000000000000000000001000
101011111101110011101011000000000000000000000000
011010100110101101111000000000000000000000000000
101010001111100110101011000000000000000000001000
000001000000000100000000000000000000000000000000
100011101001000100101010000000000000000100000000
011010000000100111101000000000000000000000000000
101010100001000110101010000000000000000000000000
100000000000000000000000000000000000000000000000
111011001101100010111001000000000000000000000000
101011111111000010111011000000000000000100001000
011010110101110000111000110000001000000000000000
001010000100000100101000000000000000000000001000
000000100011100101111010000000000000000000000000
010001100011100101101001000000000000000000000000
010000100000000111101000000000001000000000000000
111011011111001111111001000000000000000000000100
100010000010000101111001000000000010000000001000
011011110111010111111011000000000001000100000000
101011111111000011111001000000000000000100000000
000010010000000100000000000000000000000000000000
000000000000000000000000000000000000000000000000
111010000001100001101001000000000000000000000000
111011011001101001111011110000000000000000011000
111010111111100110111011000000000000000000100000
101010001111100110101011000000000000000000001000
101000000100000000101000000000000100000000000000
001011101101000111101000000000000000000100000000
001100010000000100101000000000000001000000001000
111011101001101001111010000000000000000000010000
101011111111110011111011000000000000000000000000
000000000000000000000010000000000000100000000000
000010000101000100101000000000000000000001001000
110010010111000100111001000000000000000000000000
001001010011000101101011000000000000000000000000
000000000000000000000000000000000000000000000000
010010001111110111101000110000000000000000000000
001010100001000110101010000000000000000000001000
000010100001000100101000000000000000000000000000
111011111111101100101011000000000000000000001000
000010010001000000101000000000000000000000000000
111011001101100010111001000000000000000000001000
110000000101000000101100000000000000000000000000
111011011001110110101011000010000001110100101000
111011101111101011101001000000000000100000000000
111011111111101100101011000000000000000000001000
011010100110101101111000000000000000000100000000
001000000000000100100010000000000000000000000000
000000100000000101101000000000000000000000000000
000000100000000000001000000000000000000000000000
101001100111100110101010000000000000000000000000
000011110001000000100100000000000000000000000000
000000000000000100100000000000000000000000000000
000010111111100100101000000000000000000000000000
001001010011000101101011000000000000000000000000
111010010111000100101000000000000000000000100000
111010100011100111101000000000000000000000000000
001011110001100110101001000000000000000000001000
000010010000000000000000000000000000000000000000
000000000000000000001010000000000000000000000000
001011100000000011101000000000000000000000000000
000000000101000000100000000000000000000000001100
000000100000000101101000000000000000000000000000
010010100100001001101000000000000000000000001000
101000000001000110101000000000000100000000000000
111011110111101110101011000000000000000000000000
001011110001100110101001000000000000000000001000
000000010100000101101000000000000001000000000000
001011110001100110101001000000000000000000001000
010000000000000100100000000000000000000000000000
011010000001000101101000000000000000000000000000
001010100000100000101000000000000000000000001000
000001000001100000101000000000000000000000000000
001011100100001010111110000000000000000000000000
111011001111100111111011000000000000000000001010
111011111111101100101111000000000000000000001000
000001000000000000100000000000001000100000000000
000000000000010000000000000000000001000000001000
001010010001001001101010000000000000001100001000
011001011111010111101000000000000000100000001000
000000001000000000101000000000000000000000000000
011010010101000011101010000000000000000100001000
000001010000000000101000000000000000000000000000
100000000100100100101001000000000000000000000000
000011110010000100101001000000000000000000000000
111010110101100101101011000000000000100000000000
010010100100000111101000000000000000000000000000
000100000000000100100100000000000000000000000000
000001000000000000100000000000000000000000000000
000010100000000100101000000000000000000000000000
101011101111010110111011000000000000000000000000
010010000101000101101000000000000000000000010000
101010000001100100101001000000000100000000001000
101011101111010110111011000000000000000000000000
000000010000000010000000000000000000000000001000
101011111001110010111011000000000001000100011000
010010100001000110101000000000000000000000000000
001000100000000000000000000000000000000100000000
001000100101010110101001000000000001100000000000
101011111111000111111011000000000000000000000000
001010000000000100100000000000000000000000000000
011010100001100110101000000000000000000000000000
001000000001000000101001000000000000000000000000
000010000011000010111001000000000000000000000000
111011001101100010111001000000000000000000000000
000000000000000100000000000000000000000000000000
011010100100000100111001000000000000100100000000
111001011111110111111011000000000000000000011010
101000010001001011101010000000000000000100000000
000000000000000000111100000000000000000000000000
101000100101000110101011000000000000000000000000
111011010111101001101011000000000000000000000000
111010010101010100101000000000000000000000000000
010010100100000111101000000000000000000000000000
000010000000000100000000000000000000000000000000
000011000000000000100000000001000000000000000000
110000100100001101101000000000000000000000000000
011010000001000101101000000000000000000000000000
111011011111000100101001000000000000000000000000
111011011111111110101011000000000000000000001000
111010110111101001101000000000000000000000000000
101011011001010000101011000000000000000000001000
011010000001000101101000000000000000000000000000
000000000000000000101000000000001000000000000000
000000000000000100101000000000000000000000001000
011010100111100111101000000000000000000000001000
011011100111000111101011000000001000000000000000
000010100000000100001000110000000000100000000000
110011000101000000101100000000000000000000000000
001000000010000000100000000000000000000000001000
001000000110000010111000000000000000000000001000
100011000101000010101001000000000001000000000000
111010001101010001101001000000000000010000100000
111011011111101111101011000000000001000100000000
111011011111111110101011000000000000000000001000
111010101111101010111001000000000010000000000000
111001011101101111111011000000000010000000000000
010100110100000001101101000000000010000100000000
111000000001000101101001000000000000000000001000
001010010001001011101010000000000000001100000000
000010100111100100101100000000000000000000000000
000000000000000000100010000000000000000000000000
111010011111010100101010000000000000000000000000
111011111111101111111011000000000000000100001000
010010000010000101101000000000000000000000000000
000000000100000000100001000000000000000000000000
111010011101110110111000000000000000000000000000
000000000000010000000000000000000001000000001000
001000000001000101101100000000000000100000000000
101011001011100110101001000000000000000000001000
001010100111000100101000110000000000000000000000
010000100000000110001000000000000000100000000000
000000000000000100000001000000000000000000000000
000001000000000000100100000000000000000000000000
000000000000000000100000000000000000000000000000
000001011101000000101010000000000000000000000000
000000000101000000101000000000000000000000000000
000000000001000000101000000000000000000000000000
101011111111000010111011000000000000000000000000
000000010011100100111011000000000000000000000000
001010000100000100101000000000000000000000001000
101010100001000110101010000000000000000000001000
111001111101010100111001000000000000000000000000
000100100100000100100000000000000000000000000000
000000000000000001100000000000000000000000000000
111000001111000101111001000000000000010000000000
111011111111101111111011000000000000000100111100
000000000000000000000000000000000000000000001000
101001101111100110101011000000000000001000001000
011011010101000100101011000000000000000000010000
000000100101000000100000000000000000000000000000
000000100000000000101000000000000000000000000000
000010000101000110101000000000000000000000001000
111011001111000000101001000000000000000000001000
001010000000101011101000000000000000000000000000
111011011111000011111000000000000000000100000000
011011100101000001101000000000000000000000001000
010000100110000100101000000000000000000000000000
101010000000000001101000000000000000000000000000
000010100011000101111000000000000000000000000000
111011111111000010111001000000000000000100000000
101011111111110011111011000000000000000000101000
010011100000000001101010000000000000000000000000
011011110111010111111111000000000001100100000000
001000000000000000001000000000000010000000000000
111011111101101110111011000000000000000100001100
010001100000000001101000000000000000000000000000
001011110001100110101001000000000000000000001000
000010000000000000100000000000000000000000000000
111010000111100101101001000000000000000000000000
001010001001000110101010000000000000000000001000
001010001000010110101000000000000001000000001000
101000000111110110101001000000000100000000001000
101011000111000110101000000000001001100001010001
001011110001100110101001000000000000000000001000
111001111101010100111001000000000000000000000000
101011111011101111101001000000000000000100000000
000010000001000101101000000000000000000000000000
001010110101101001101010000000000000000100000000
000010000000000000100000000000000000000000000000
000000000101000000101000000000000000000000000000
100110110000010111101001000000000000000000000000
010010000011000000101000000000000000000000000000
011010110001111000111001000000001000000000000000
000000000000100000000000000000000000000000000000
111010011111010100101010000000000000100000000000
010010100000001001101000000000000000000000000000
101010100101001100101011000000000000000000001000
001100010000000100100000000000000000000000001000
100000100111000110101010000000000000000000000000
010000100100000000101000000000000000000000000000
011010110001111000111001000000001000000000000000
000000000101000000100000000000000000000000000000
100011010110101011101010000000000000000100000000
000010111111000010111000000000000000000000000000
111011011111111011101011000000000000000100001000
111011011111111111101011000000000000000000001010
011010100111000111111000000000000000000000001000
010011000000000101100010000000000000000000001000
010000000001000000000000000100000001001000000100
111010001101100100111001000010000000000001001000
000000000000000100101000000000000000000000000000
101010100001000110101010000000000000000000000000
011011001011100011101010000000000000000000101000
111011111111111110101111000000000000000000001000
010010101101000000100000000000000000100000000000
101000000011000100111010000000000000000000000000
000010000011000010111001000000000000000000000000
111011111111101111111011000000000000000100111100
000001011100000111111000000000000000000100000000
111011111111101100101011000000000000000000001000
000000000000000000100001000000000000000000000000
000010110111000111111000000000000000000000000000
101010110101000111111001000000000000000000000000
111011111111110110101011000000000000000000001000
101010100101001100101011000000000000000000001000
101000100001000011101001000000000000000000000000
000000000001000000000000000100000001001000000000
000010010100000010101000000000000000000000000000
000000000000000001100000000000000000000000000000
111011101111101101111011000000000000000000101100
000000000000000000100000000000000000000000000000
011010100001100110101000000000000000000000000000
000010000000000000101000000000000000000000000000
111011111111101111111011000000000000000100001000
111011111111110110101011000000000000000000001000
000001010000000000101000000000000000000000000000
001010000001000110101110000000000000000100000000
001011001011000101101011000001000000000100100001
000011000000000100100000000000000000000000000000
101010000000000110101010000000000000000000000000
111011101111101101111011110000000000000000101100
000010000000000000000100000000000000000000000000
101011111111110011111011000000000000000000101000
111011111101011010111001000000000000000000000010
001000001000000000100000000000000000000000001000
001010100100000010101000000000000000000000000000
011000000100000100101010000000000000000000000000
000000100110000001101000000000000000000100000000
011011101111101101111011000000000000000000101100
111011111111111111111011000000001000000100011100
001010000000000001101000000000000000000000001000
011011111111111110111011000000001000000000001100
101011010101001111101001000000000000000100000000
001010000100000100101000000000000000000000000000
111001001111000101101001000000000000000000100000
000000000000000000100001000000000000000000000000
011010101111100111111011000000000000000000001000
001010100000000110101011000000000000000000001000
111011111111111110111011000000000010010000000000
000000100000000000000000000000000000000000000000
001010000001000010101010000000000000000000001000
000000010000000000000010000000000000000000001000
110010100011100101101000000000000000000000000000
000000100001000001101001000000000000000000000000
001010100101000100101101000000000000000000000000
010010010001101001101000000000000000000000000000
000000000000010000000000000000000001000000000000
111011111101101000111011000000000000000100000000
000000000000010100101000000000000000000000000000
000010110101000011101000000000000000000000000000
001001000101110100100010000000000000000000000000
000010100000000000101000000000000000000000000000
011000011000000101110011000000000000000000000000
101010000001000110101010000000000000000000000000
101011111111101111111011000000000000000100101100
111011111111101111111011000000000000000100111100
101011000111100111101011000000000000001000001001
111011011111101111101011000000000000001100001000
111010010101010100101000000000000000000000000000
000000100101000000100100000000000000000000000000
000000000000100011101000000000000000000000000000
011000100000000100101000000000000000000000001000
011000001101000001101101000000000000000000100000
000000000100000100100000000000000000000000000000
111011111111111001111011000000000000001100000000
011010100111000100101000000000000000000000000000
000000000000000110101000000000000000000000001000
111010010101010100101000000000000000000000000000
011010100110101101111000000000000000000100000000
111011011111110111111011000000000000100100100000
010000000000000101101000000000000000000000001000
111011111111110110101011000000000000000000001000
001010100011000001101000000000000001000000000000
000000000001000100000000000000000000000000000000
101001111101100000101101000000000000000000010000
000000000000000100000000000000000000000000000000
000010100000000000101010000000000000000000000000
010010100100000111101000000000000000000000000000
001000010011000000101011000000000000000000000000
010010100110000101101000110000001000000000000000
001011000011100000101001000000000100001000000000
000000000000000000001100000000000000000000000000
111011101001101001111010000000000000000000010000
000000000000000000100001000000000000000000000000
011010100111001000101000000001001001000000000000
101011000111100111101011000000000000001000001001
011011110011000101101010000000000000000000000000
000000100000000110101001000000000000000100001000
101011111101000010111010000000000000000000001000
000100000100000000100001000000000000000000000000
000010000011000001101000110000000000000000000000
011000110111000111101000000000000000000100000000
101010000001000110111000000000000000100000010000
001010110001000101101000000000000000000000000000
111001011101101011111011000000000010000000000000
000001000100000100100010000000000000000000000000
111010100101000001101001000000000000100000000000
111011010010100111101000000000000000100000001000
000000000000000000000100000000000000000000000000
000000000000000000000000000000000000000000001000
101011101111101111111011000000000000000000001000
000000000100000000000000000000000000000000000000
011010000000000100100000000000000000000000000000
101011100001000111101010000000000000000000000000
111000010101000101101011000000000000000000000000
101011011111000111111011000000000000000000001000
001011000001000100101000000000000000000000000000
001011110111001110101000000000000000000000000000
111000011111100101101011000000000000000000000000
001010001000000110101010000000000000000000001000
100010100001000001101001000000000000100000000000
000000000000000000000001000000000000000000000000
000011100101000000100100000000000000000000000000
111011011111111111101011000000000000000000001010
111011011111110111101011000000000000000000011010
010010110101100011101001000000000001000000000000
101010001100000010101100000000000000000000000000
000011110010000100101001000000000000000000001000
101000000100000000101000000000000000000000000000
000000000000000001100000000000000000000000000000
001010100000100000101001000000000000000000000000
000000100001000101101000000000000000000000000000
101010011101100100101010110000000000100000101000
000000000000010000000000000000000001000000001000
100011010110101011101010000000000000000100000000
000000000000000000000000000000000000100000000000
011010010101000111111000100000000000000000000000
000010100001000000101000000000000000000000001000
000000010011000100101000000000000000000000000000
001010010100000011101000000000000000000000000000
000010100000000011101000000000000000000000000000
000000000000000000100000000000000000000000000000
011011101011000111111000000000000000000000001000
000001000000000000101000000000000000000000000000
101011001101000001101010110000000000100000000000
001110101110000101100000100000000001100100000000
000010111111000010111000000000000000000000000000
001010110101101001101010000000000000000100000000
000000000011000000111100000000000000000000000000
011010110101100001101010000000000000000000000000
000010000000010000100000000000000000000000000000
011010000001000101101000000000000000000000001000
001001100011000100111010000000000000000000000000
000000000100000100101000110000000000000000001000
000000000101000000101000000000000000000000000000
101001000001000100101011000000000000000000000000
011010010011000111101010000000000000000100000000
000000000000000000000000000000000000000000001000
000000000000000000100110000000000000000000000000
000010110101000100101000000000000000000000001000
111010010101010100101000000000000000000000000000
000000000000000000000000000000000000100000000000
001011000001000100101000000000000000000000000000
101011111001010010000010000000000000000000000000
001010011101100100101000000000000001001000101000
000010000000000000101000000000000000000000000000
001010100101000001101010000000000000000100000000
000000100101000000101000000000000000000000000000
010000100111000101101011000000000000000000000000
101010001100000000110000100000000000000000000000
000010100000000100001100000000000000000000010000
000000010000000000000010000000000000000000001000
011011011001100101111011000000000000000000000000
100010000001100100101001000000000000000000000000
100010100001000010101010000000000000000000000001
111011111111001011111011000000000000000000100000
001010000000101011101000000000000000000000000000
111011111111111111111011000000000000000100001100
001010110101101001101010000000000000000100000000
111010100101111111101000000000000000000000001000
111011011111001111111001000000000000000000000100
001010100011000101101000000000000000000000000000
011010101111000111101000000000000000000000000000
000000000000000000000000000000000000000000001000
000000000001000100101000000000000000000000000000
111011110111111111101011000000000000100000000000
001011010001100111101001000000000000000000001000
000000010000000000000010000000000000000000001000
001011110001100110101001000000000000000000001000
000000000100000000100000000000000000000000000000
101011011001010000101011000000000000000000001000
111010011111101111101011000000000000000000000000
001010101110000101100000000000000000000000000000
111011111111111111101011000000000010000000001000
011011100111000101101001000000000000000000000000
010010000001000000101000000000000000000000000000
101010100001000110101010000000000000000000001000
110010001101010010101000000000001000000000000000
000000010110000000101001000000000000000000001000
000100000100000001101000000000000000000000000000
001011110011000111111001000000000000000000000000
111011001111100110101011000000000000000100001010
101011011111101111101011000000000000001100001000
000010000111000101101000000000000000000000000000
001010001000010110101000000000000001000000001000
001010000001000010101010000000000000000000001000
101011101111010110111011000000000000000000000000
101011000001100110101011000000000000000000000000
101011101111010110111011000000000000000000000000
000000010100000101101000000000000001000000000000
000000000100000000100000000000000000000000001000
111011111111101111111011000000000000000100111100
000000100000100000100000000000000000000000000000
011000010111000101101000000000000000000000000000
000000000000000000100000000000000000000000000000
011001011101000010101001001000000000000000000000
001000000001000000101001000000000000000000000000
000000000000000000000000000000000000000000001000
111011111111101111111011000000000000000100111100
111001011101101011111011000000000010000000000000
111010010111000100101000000000000000000000100000
001010010001001011101010000000000000001100000000
001000010011000000101011000000000000000000000000
010001100111000101101010000000000000000000000000
001001000011000100111010000000000000000000000000
001000110000000010101001000000000000000000000000
000010000000000100101000000000000000000000001000
000000000001000000001000000000000000000000000000
001011110011000111111001000000000000000000000000
000000000000000000000000000000000000000000000000
000010111111000010111000000000000000000000000000
101011100000000001101010000000000000000000000000
101011011001010000101011000000000000000000001000
011010100110101101111000000000000000000000000000
011011101011100111101010000000000000000000100000
010000010000000000001000000000000000100000001000
001000000000000000100000000000000000000000000000
011011010101010101101000000000000000000000000000
111011011111110111111011000000000000000100100000
001010001011000100101001000000000000010000001000
001010000000000100101000000000000000000000001000
001010110101101001101010000000000000000100000000
001000100000000100000000000000000000000000001000
001001000000000100101110000000000000000000000000
001010010000000100101000000000000000000100000000
111000010101000101101011000000000000000000000000
000000010000000000000000000000000000000000001000
011010100001100110101000000000000000000000000000
011001011111010111101000000000000000100000001000
100001100101000010101011000000000000000000000000
001011000001000100101000000000000000000000000000
001010000100000100101000000000000000000000001000
000000000000000100110000000000000000000000000000
001010101110000101100000100000000000100100000000
011011000010001100101110000000000000000000000000
001010000000010100101011000000000000001000000000
000010000000000000101000000000000000000000000000
101011100101100010101010000000000000000000000000
000000000000000100000001000000000000000000000000
000011000001000100101001000000000000000000000000
111011110101001111101000000000000000000000000000
001010001001000110101010000000000000000000001000
011011010101000100101011000000000000000000010000
101011111111000010111011000000000000000100001000
111001111101010100111001000000000000000000000000
000010100000000000101000000000000000000000001000
001000000000000100000000110000000000000000000000
011011100101000001101000000000000000000000001000
001010000101000010101000000000001000000000000000
000010010011000010101000000000000000000000000000
001011100100000010101000000000000000000000000000
010000000000000101101000000000000000000000001000
100001000001000110101011000000000000000000000000
111001011111110111111011000000000000000000011010
101011000101000110101111000000000000001000000000
001011000111000111101010000000000000000100000000
001010000001000000100000000000000000000000000000
000000010000000000000000000000000000000000001000
011010011111101011111001000000000001000000000000
011011111111101101111011000000000000000000101100
001010110101101001101010000000000000000100000000
011000100100001101101000000000000000000000000000
000000000000010000111000000000000000010000000000
000000000000000000100001000000000000000000000000
111011011111110111111011000000000000000100100000
000000000000010010100000000100000000000000010100
001000000001000000101001000000000000000000000000
101000001000000100101000000000000000000000000000
101011011001010000101011000000000000000000001000
111010010101010100101000000000000000000000000000
001010000001000010111001000000000000000100000000
000000100001000000101000000000000000000000000000
000000000100000100100010110000000000000000000000
001010010001001011101010000000000000001100000000
101001100001000111101011000000000000000000000000
001000000000000100101000000000000000000000000000
000001000000000010000000000001000000001000000000
001001010011100111101001000000000000000000001000
001000000000000100000000000000000000000000000000
000000000000000110100000000000000000100000000000
001011110100000000101001000000000001000000000100
101011110011000111101000000000000000000000000000
001010000000000000101000000000000000000000000000
101010001111100110101011000000000010000100001000
001011110101000000101010000000001001000000000000
001011101101100010000010000000000000000000000000
001010000100000100101000000000000000000000100000
001011111001100111101001000000000000000000001000
000010100100000001100000000000000000000000000000
111011111011100011111010000000000001100000000000
000011100001000000101100000000000000000000000000
101011110111000111101000000000000000000100000000
111010101111101010111001000000000010000000000000
101011011111000010111011000000000000000000000000
000001100010000001100000000000000000000000000000
000000100000000101101000000000000000000000000000
000011010100000100111000000000001000000000000000
111001011101101011111011000000000010000000000000
000001010000000000101000000000000000000000000000
011011000111000100100000000001000000000000010000
000000000000000000100000000000000000000000000000
001011110001100110101001000000000000000000001000
111011111111111001111011000000000000001100000000
100000000101000100101000000000000000000000001000
000010101001000000101000000000000000000000000000
011011110111010111111111000000000001100100000000
111001011111110111111011000000000000000000011010
111010001101101101101001000000000000000100000000
001011011111100111111001000000000000000000000000
001010010001001011101010000000000000001100000000
111000000001000101101001000000000000000000001000
111011111111000101111001000000000010001000000000
001001100011000100111010000000000000000000000000
100000000001000100101001000000000000000000000000
001010110011000101101000000000000000010000000000
000110100001000100101001000000000010000000000001
111011001101110110101011000000000000000000000000
011010110110000100111001000000000000100100000000
011001011101111111111101000000000000000000001000
011010000110000100111001000000000000100100000000
001011001111000100101111000000000001000000000000
000000000000100000100000000000000000000000000000
001000000001000000101001000000000000000000000000
101000001000000100101000000000000000000000000000
011011100101000001101000000000000000000000001000
111011111111111001111011000000000000001100000000
011010000100000101111000000000000000000000000000
101011000001100110101011000000000000000000000000
001000000001000000101000000000000000000000000000
101000010001001011101010000000000000000100000000
000001000100000001101010000000000000000000000000
111010011111101011101011000000000001001100001000
000000000000000000000000000000000000100000000000
111011011111111110101011000000000000000000001000
001011000101000100111000110000000000000000000000
011010000001000101101000000000000000100000000000
001011010001100111101001000000000000000000001000
010010010111000100101000000000001000010000011000
000000100000000100000000000000000000000000000000
001010100000000100000000000000000000001000000000
001010100000000000111110000000000000000000001000
000010000000000000101000000000000000000000000000
011001011111010111101000000000000000100000001000
111011111111001011111011000000000000000000100000
010000100100000110001000000000000000100000000000
111001111111111111111011000000000000000100001000
010001100000000001100000000000000000000000000000
001001000000000100100010000000000000100000000000
111011011111111110101011000000000000000000001000
000010100000000100101000000000000000000000001000
111010110111001111101011000000000000000100000100
000010100000000100001100000000000000000000010000
101011010101001111101001000000000000000100000000
110001000001100001101000000000000000000000000000
011011100111000111101011000000001000000000000000
000010100100000000000000000000000000000000000000
011011110011000111111001000000000000000000000000
101010100001000010101010000000000010000000001000
000000010010000100101000000000000000000000000000
011000001110000000101001000000000000000000000000
111011001101000001111111000000000000000000000000
001010000000000101101000000000000000000000000000
011011111111111110111011000000001000000000001100
000000010000010000000010000000000000000000001000
011011010010000001101001000000100000100000000000
000000000000000001000010000000000000000000000000
111111111111111111111011000000000000000100001000
000010110111101011101010000000000000000100000000
000000010010000000101010000000000000000000000000
100011101101000111101000000000000000000000000000
000000000000000100000110000000000000000000000000
001000100001000111111000000000000000000100000010
111011001101100010101001000000000000000000000000
100010010100000010101000000000000000100000000000
000000000000000100000100000000000000000000000000
000011100000000000101010000000000000000000000000
000000010001000100101001000000000000000000001000
001011110001100110101001000000000000000000001000
000000000000000100100000000000000000000000000000
111010010101010100101000000000000000000000000000
000000000000000100000000000000000000000000000000
011010100001100110101000000000000000000000000000
111001011111110111111011000000000000000000011010
000000100100000000000000000000000000000000000000
010010000101000110101000000000001000000000000000
000000000000000000100000000000000000000000000000
001010000101000000100000000100000000000000000100
000010000000000000000100000000000000000000000000
111011111111111111111011000000000000000100001000
101011011111110010111011000000000000000000100000
000011100001000000100100000000000000000000000000
001011110001100111101001000000000000000000001000
000011100000000000000000000000000000000000000000
011010000001000101101000000000000000000000001000
101010000001000110101010000000000000000000000000
101010000000000110101010000000000000000000000000
111011111111111111101011000000000000000000000000
111000000111100001101011000000000000000000000000
000010000000000100101000000000000000000000000000
001011000001100101101001000000000000000000000000
000001000000000000100000000000000000000000000000
001000000000000100001000000110000000001000000100
111011101001101001111010000000000000000000010000
101011010001000110101011000000001000000000010000
001010100000000110101011000000000000000000001000
001010100001000100101000000000000000000000000000
101000010001000000101010000000000000000000000000
001010000000000000101100000000000000000000000000
001011001011000100101011000001000000000100100001
111011011111101111111011000000000001001000001000
111011010011000110101000000000000001000100001000
111011111111111111101011000000000000000000101000
011010011111101011111001000000000001000000000000
011011100101000001101000000000000000000000001000
001010000001000000111001000000000000000100000000
011011100001000101101001000000000000000000000000
111011011101000110111000000000000000000000000000
000000100000000000000000000000000000000000000000
111011101101010110101011000000000000000000000000
000000100000000100100000000000000000000000001000
011010101101100000101001000000000000010000000000
001010110001000001101000000000000001100100000001
010000110111000011101110000000000000000000000000
001010000000000100100000000000000000001000000000
111011111111000101111001000000000010001000000000
000011110010000100101001000000000000000000000000
101011100111000100101010000000000000000000000000
011010010101000011101010000000000000000100001000
111010100110101101111000000000000000000100000000
000000001000000000101000000000000000000000000000
011010001101001010101000000000000000000000000000
000010100000000000100000000000000000000000000000
011010000001000101101000000000000000000000001000
000000000001000100101000000000000000000000000000
101010100001000011101001000000000000000000000000
101010100001000110101010000000000000000000001000
111011011111111111101011000000000000000000001000
000001100000000000001000000000000000000000000000
011010110000000101101000000000000000000000001000
000010110101000100101000000000000000000000001000
010000000000000101101000000000000000000000001000
011011100101000001101000000000000000000000001000
000000100000000000001000000000000000000000000000
000011100001000000101100000000000000000000000000
000001000001100000101000000000000000000000000000
000000000000000100000000000000000000000000000000
001011110011000111111001000000000000000000000000
011010110101101101101000000000000000000100001000
001000100000000011101000000000000000000000000000
010001000101000010101010000000000000000000000000
000000100100000000101000000000000000000000000000
000010000000000000101000000000000000000000000000
101000010001100010100001000000000000000000000000
001000000001000000101001000000000000000000000000
111011111111101111111011000000000000000100111100
111011111111110111101011000000000000000000001000
000000000000000000000100000000000000000000000000
011010100110101101111000000000000000000100000000
000000000001000000100000000000000000000000000000
011010100001100110101000000000000000000000000000
101011111111110011111011000000000000000000101000
101001000111100111101111000000000100000100001000
111001011101000000111001000000000000000000001000
001010100011000010111001000000000000000000000000
101010000000010110101001000000000000000000001000
010010101000000001101000000000000000000000000000
101011100101000010101001000000000000000000000000
111011111111000101111001000000000010001000000000
111001011111100111101001000000000000000000001000
000001010011000000100010000000000000000000000000
100010110111000100101001000000000000000000000000
000000000000000000000000000000000000000000000000
111001111101010100111001000000000000000000000000
110000000101000001101000000000000000000000000000
111110001100000000111000100100000100000000000000
001011110001100110101001000000000000000000001000
101010001100000000111000100000000000000000000000
100011010001100001101011000000000000100000000000
000000000000010000100000000000000000000000000000
010010110101000101101000000000000010000000000000
111011010011000110101000000000000001000100001000
111011111111000111111001110000000000101100000000
000000100000000000101000000000000000000000000000
111011111111101111111011000000000000000100111100
111011111111110110101011000000000000000000001000
001000000100000000101100000000000000000000000000
011010101101000011111011000100000001000000000000
000000010000000000000000000000000000000000001000
000000000000000000101000000000000000000000000000
101010101100110000101001000000000000000000001000
100000100000000011101001000000000000000000000000
100000000000000010101000000000000000000000000000
010010100111000011101000000000000000000000000000
000000000000000100000000000000000000000000000000
101010100000000000100100000000000000000000000000
101010001101000100101001000000000000010000100000
101010100001000110101010000000000000000000001000
101010000000000100101000000000000000000000001000
000010100001000000100000000000000000000000000000
001010100000100000101001000000000000000000000000
000000000000000000000000000000000000000000000000
011010100110101101111000000000000000000100000000
000000000000000100000000000000000000000000000000
001000000000000000000000000000000000000000001000
000000000000000000000000000000000000000000000100
001000000001000000101001000000000000000000000000
111011111101101101101011000000000000000100000000
001000000001000101101000000000000000000000001000
111011111111111001111011000000000000001100000000
000000011000000010001000000000000000000000000000
010000100000000101001000000000000000000000000000
100010000101000100101001000000000000000000001000
111000101011000010111111000000000000000000000000
011010010001000101101010000000000000000000010000
000011110010000100101001000000000000000000000000
000000000000000110100010000000000000000000000000
001011111101000010000010000000000000000000000000
111001011101101111111011000000000010000000000000
111011101111101101111011000000000000000000101100
000000100000100000100000000000000000000000000000
