000000000001000000100000000000000000000000001100
000000000000000000000000000000000000000000000000
010010000100000000001000111000010100101001101000
001000000000000000100000000000000000001000001000
000000000000000000000000001000000000000000000000
000000000100000000000000110101000010000000000000
000000100000000000100000000000000000000000000000
001000000000000000100000000000000000000000000000
000000000100000100100000011000000000101000111000
010000000000000001000000000000000000000000001000
100011010001100000100000110011000001100000000001
111011001001000101101000111000001000100000000000
001000000001000000101000010000000000000000100000
000000000001000000000000000000000000001000000000
111001000001000000101000100000000000000010001000
010011000100100000101000111000010100101000101000
000000000000000000000000111101000000000000000000
001000000001000100110000000000000000000000001100
101010001000010010001000100000000000100001001000
000000000001000000000000000000000000000000001100
000000000001000000101000110000000000000000000000
101010000111110000101000100100100010100000000000
001000000101000000001000110000000010100000010001
000000000000000100101000001000000000000001001000
001010000001000000101000111111111111101100101000
100000000000000000100000000000000000000000000000
011001010111000010100000110100001001101000000000
000000000000000000000000001000000000000000000000
100010000001100000101000110000000000100001001001
001011000000100100101000000000000000000100000100
000000000100000010100000000000000000101000101100
000000000000000000101000101100001010000000000001
000000000000000000000000000000000000100000000000
001011001001100001101000000000000000000000001110
000000000000000000100000110000000001000000000000
100000000000000010101000111111110111101110101100
000000000000000000000000000000000000000000000000
000000000001000000000000000000000000100000000000
000000000100000000000000001000000000000000000000
101000000101100000101000110101000010000000000010
101010100101100110101011000000000000000001001000
000000000000000000100000110100000011000000000000
001001000000000000100000000000000000000010001100
000000000000000000100000000000000000000000010000
000000000000000000100000000000000000000000000000
000000000000000000000000001010001000000000000000
001000000001000000101000100001000000000000001000
000000000100000000100000111111110111101100101000
000000000001000000101000000000000000000000100000
000000000000000100000000000100000000000000000000
000000000000000000000000000000000000000000000000
000000000001000000000000000000000000001001000000
000000000001100000100000000000000001000010001100
010000000000000000101000000000000000000000000100
000000000000100000000000000000000000000000001000
000000000000000000100000000000000000100000000000
101000001001000000101000111000001001100000000100
000000000000000000000000111000010100000000001000
000010000001000000100000000010000000100001000000
100010000000000001101000111111111111101100101000
000010000000000000000000010000001000000000001000
000000000000000000000000000000000000000000000100
000000000000000000000000000000000000000000001000
000000000000000101101000000000000000000000001100
001010000101100000100000000000000000000000000000
000000000000000000101000001000000000000000000000
101000000001000000101000111111110111101101101000
000000000000100000101000000000000000101011101100
000000000000000000000000001000000000000000000000
000000000000000000000000000000000000000000010000
001011000000100000101000000000000000001000001000
000000000000000001100000000000000000000000000100
000000000000000000101000000000000000000000011100
000000000000000000000000000000000000000100000000
010000000000000000000000000000000000000000000000
101000100100000000101000111111110111101100101000
011000000101000000100000000000000000000000000000
000000000000000000000000001000000000000000000000
001000101001000001101000001000000010000000000000
000000000000000000100001001000000000000000011000
001000000111000000101000110011000000100000000001
000000000000000000000000000000000000000000001000
101011001001000001101000111000001000100000000010
001000000000000010000000110001000001100000001000
001010000001000000100000001000001000000000000000
000000000000000000000000000000001000010000001000
000000000000000000000000000000000000000001000000
000000000000000000101000000000000000000000000000
000010000000000000000000000000000000000000000000
000000000000000000000000000000001001000000000000
000000000000000010000000110001000000000100000000
000000000000000000101000000000000000000000001100
000000000000000000000000000000000000000000000000
011010001111100001101010000000000001101000000100
000000000000000000100000110000000010000000000000
001010010101100010100011100000100001100000010000
001000000001000000100000001000000000000000000000
011000000101000000101001000000000000000000001000
001000000111000000101000110011000000100000000001
000000000001000000101000111101000010000000001000
000010000000010000100000000000000000000000000000
001000000000000000000000000000000000000001000000
001000000001100110000000100000100000100000000000
111011010101111011101000000100001001100101110111
100000000001000000000000110000000100100000000000
000000000000000000000000001000000000000000000000
000010000001000000000000110000100010101000010000
000000000101000000101000110111000011000000000000
001001000011100111101000110110000010100101101001
101001000001000000101000001001000000000000100000
000000100000000001101000000000000000000000001000
101000010101100010000011100000000001100000000000
100001000001110010000000100001000001100000000000
101010001001000000101000111000001000000000000000
001000000000000000101000110000000000000000001000
000000000000000000000000111111110111000100000000
101000010011100010000000100000000001100000000000
000001000000000000101000000000000000000000001000
000000000000000000000000001000000000000000000000
000000000000000000000000100000000000000000001000
010000000100000100101000000000000000000000000000
101000010001100010000010110000001001110001000000
111011001111110111101010000010001001100101111101
001000000001000000001000010000000000001000000000
101000000101000000101000000000000000000000001000
101011011111000110101010110101100011100100011010
101011000001000011101000111111000011000001010001
000000000000000000100000110001000010000000000000
100000000100000000000000110100000001000000000000
000000000000000000000000000000000000000000000000
000000000000000000101000010000000001000000000000
101011010011100010101000100000000000100001001000
100011000001000100100000110001101000100000000000
000000000000000000000000100000000000000000000000
000000000000000000100000101000000000000000001000
000000000000000000000000000000000000000000000000
000000000001000000100000100000000011000001010000
000000000100000000101000000000000000000000001000
000000010001000000000000100011001001100000000000
001000000101000001101000000000000000000000000000
000010000000000000010000000000000000000000010000
000000000000000000100000000000000000000000000000
011011001111000110101010110101100010100000011001
101001001000100001101000000000000000000000001000
010010000000000001101000001000000000000000001000
010000000000000000000000000000000000000000000000
101010001001000000101000111000001000100000000000
000000000000000000101000010000000000000001000000
000000001001000010001000110000001001000000000001
001000000000000000100000000000000000000000001000
000000000000000000100000000000000000000000000000
000000000001000000000000001000000000000001001000
000010000000000000000000010000001000000010001000
000000000000000000100000000000000000000000000000
000001000001000000100000110100000011000000010000
000000000000010000100000000000000000000000000000
000000000001000000000000000000001010100000000000
000000000001000100001000100001000000100000000000
000010000001000001000000110101000011000000000000
000000000000000000000000000000000000000000000000
001011001001000010100000000000000000100000000000
000000000000000000100001000000000000000001001000
000000000000000000101000000000000000100000000100
000000000000000000100000000000000000000000000000
000000000000000000000000001000000000101000000000
010000000001000010100000110001000000000000010000
000000000001000000000000000000000000000000000000
101010010011110010000000100000000000100000000000
000000000001000000100000100100000000000000010000
110000000100000000100000000000000000000000000000
000000000001000001101000000000000000000000000000
001000000001100000100000000000000000000000000000
101001000001000001101000000000000000000010001100
000000000001000000000000000010000000000000000000
000001000000000000100000100000000010000000010000
000000000000000000000000001000000000000000000000
000000000001000000100000000000000000100010001100
001010000100000000100000111111110111100100101000
000000000000000000000000001010001000000000000000
000000000000000000000000000000000000000000000100
000000000000000000000000001000000000000000011000
001011000001000000100000111111111111111101111001
000000000001000000101000000000000000000000000000
101001011011110010000010100000000001100000000000
001000001000000000101000000000000000100000000000
000000000000000000101000001000000000000000000000
011011000001001001101000110000000000100010101100
000000000001000000100000000000000000000000001000
001010000001000000100000000000000000000001001000
000000010001100000100000110011000000000000010001
001000000000000000100000000000000000000000001000
001000000001000000000000100000001000000000010000
011000000101000001001000100000001000000000000000
000000000000000000000000110000000000000000001000
010000000000000000000000000000000000000000000000
001000000101000000000000110100000001000000000000
000000000000000000000000000000000000100000000100
101010001101100010101000111000001000110000110000
000000000000000100101000111111110111000100000000
001000000000100000101000000000000000000000001100
111000010111110011101100000011001001100010100101
000000000000000000000001000000000000000000000000
000000000000000000101000000000001000000000010100
000000000001000000101000111111110111000100001000
001000000001100000101001000000000000000000001100
010000000100000000100000000000000000000000001000
001000000000000001100000110101100011001000000000
010000000000000001111000100001000000100000001100
001001000000100100100000000000000000000000000000
101011010001110010100000100000001001100001010001
000000000000000000000000100000000000000000000000
000000000001000000000000110000000000000000000000
101010000000000000101000000000000000000000010100
000000000000000000100000000000000000000000000000
000000000000000000000000001000000000000000000000
000000000000000000101000001000000000100000011000
101000001001000001101000111000001000100000000000
000001000000000001001000000000000000000000000000
100000000001000010100000110001000001000000001000
000010000000000000100000000000000000000000000000
000000000000000000101000000000000000000000001000
011000000100000000101100000000000000000000000000
001010000000000000100000000000000000000000001000
000000000001100101101000000000000000000001001100
101011001001110010101010110011000001101001001001
101000000000100000101000111111110111101100101000
100000000001100001101000110010000000001001000000
000000000001000000101000110000000000000000000000
000000000000000000000000001000000000000000000000
000000000001000000100000001000000000000000000001
100000000100000000100000000000000000100001001100
000010000001000000000000100000001000000000000000
101011000000000000100000101001010100000000001000
000000000000000000000000001000000000000000000000
010010000000000000000000110000000000000000001000
010011010100000100101000001000000000000000001000
000000000000000000000000000000000000001001001000
000000000100000000000000100001000000000000000000
001010001000010010101000100100000010000001000000
101011000001100000101000000000000000001000001100
000001000001010000101000001000001000000001000000
000000000000000000100000000000000000000000001000
000000000001000000000000000000000000000000000000
000000000000000000000000000000000000000000000000
000000000000000000000000000000000000000000000000
000000000000000000101000000000000000000000000000
000000000000000000000000000000000000000000000000
001011001000100000101001000000000000000000001100
101000001001000000101000111000001000100000000000
001010000000000000101000000000000000000000001100
000000000001000000000000111111110111000100000000
000000000000000100000000000000000000010000000000
001010000000000001101000000000000001000100001000
000000000000000000000000000000000000000000000000
000000000000000000000000001000000000000000000000
000010000001000000100000001000010100000000001000
101011000001000000100000101111110111000100001100
000000000000000000100100000000000000000000000100
000000000000000000000000001000000000000000000000
000000000000000000100000000000000000100000000100
000000000001000000100000100010000000000001000000
001011000100010000100000000000001011000000000001
000011000000001000000000000000001000000000000000
000000000101000000101000111111110111101110101100
101000000001100101100001000000000000000000000100
000000100001000000100000000001000001000000000000
001000000000000000100000000000000000000000000000
101010000001000010101010110011000000100001001000
000000100001000000100000101000001000101000101000
001000000000000001000000110101100011000000000000
000000000000100001000000000000000000000000010000
000000000001000000100000110010100000100001100000
011000000100100101101000000000000000000000001000
001001000000100000101000100000000001000010001000
000000000000000000100000001000000000000000000000
000010000000010001001000001000001001000000001000
100010000100000000101001001000000000000000010000
000000000000000000100000000000000000000000000000
000000010001000000000000000010000000110000000001
000000000000000000000000000000000000100000000100
101010000101000001101000000000000000000000011100
000000000010000000100000000000000000000000001100
101010000001000000100000110000001000000000010000
000000000000000001101000110101000000000000000000
000000000000000000000000000000000000000001000000
000000000001000000101000000000000000000000001100
000000000000000000000000000000000000000000000000
000001000000000000100000000000000000100000001000
000000000000000000000000000000000000000000000000
000010000001000000101000111111110111101101101000
011010001101010010101000100000000000000001001010
000000000000100000101000000000000000000000001100
011010100101000110111000001000000000100000000000
000000000001000010001000100001000001001000000000
000000000000000000001000100100001010000000000000
100000000000100000101000100000000000000000000000
000000001010000101101000000000000000000000000000
001000010101000000000000110000000000000000000010
000000000101000000001000111111110111101100101000
000000000001000000101000111111111111100100101000
111011000001100010101000110001000001001000000000
111010001001100001101000111000001001000000010001
101011010011000001100000100100001000101001110100
000001001000000000000000110000001000101100100100
000000000000100000000000111111110111100100101000
000000000000000000000000000000000000000000000000
001000000000100000001000001000000000000000001000
001000000000000000000000111100000010100000101000
000000000000000000100000001000000000000000001000
000000000000000000000000000000000000000001001000
000000000100100000101001000000000000100000000100
010000000100000000100000000000000000000010011000
001011000001000000100000011000000000010001000000
000000000001000000000000110000000001000000000000
000000000000000000000000111111110111000100101100
000000000000000000000000001000000000000000000000
000000000000000100100000000000000000100001001100
000000000000000000000000001000000000000000000000
000000000000000000000000000000000000000000001000
000000000000010000101000110000000010100000101000
000000000001000000100000001000000000000000000000
000000000100001000000000110000001000100000100000
000000000001000010101000001000100000000100000000
000010000100000000101000111000000000101000111000
001000000000000001101000000000000000000000001100
000000000100000000100000000000000000000000000000
000010000000000000100000101001000010000000000000
001000000001100000100000000000000000000000000100
000000000000000000000000000000000000000000000000
101000000001000100111000000000000000001000000000
001000000001000000101000000000000000000000000100
000000000000000000000000100000000000000000000000
011010010011000010101000100000000000000000000000
000000000001000000100000000000000000000000100000
100000000001100000101000000000000000100000001000
110000000000000000101000000000000000000000001100
000000000000000000101000001000000000000000001000
000000000000000000000000110000000000100000000000
001010000100000000100000111111110111101100101000
000001010001010001100000110100000000000000000000
000000010001000000000000110111000011000000000000
001000000100110010101000000000000000100000010000
001010000001000000100000110000000001100000000000
000000000000000000000000000000000000000000001000
001001000000000101101000000000000000100000001100
100001000000000000000000001000000000000000001000
100000001111100001101000000000000000000000000000
000010001101000100100000110100000000000000000000
001000000101100000100000000000000000000001000000
000010000001000101101000110101000010000000010000
000000000101000000100000100000000000100000101001
000000100001000010000000100001000000000000000000
000000000000000000101000001000000000000000000000
000000000000000000000000001000000000000000000000
000000010000000000100000000000000000001000001100
011000000001000101101000000000000000000000111000
000000000000000101101000000000000000000000000000
000000000000100000101000111111110111000100000000
010000000001000001101000000000010001000000000000
000000000001000000100000100001000000001000000000
000000000000000000000000000000000000000000000100
111011011111110100111000110101100011111000011001
111010001001101000101000111000001000100000000000
100110001001100000100000110000000001100000010001
000000000101000000100000110100000001000000000000
000000000000000000000000000000000000000001001000
000000000000000000000000000000000000000000000000
001000000001000000100000000000000000101010101100
111010111111000110111010110101100011100000011001
000000000000000000000000000000000000000000000000
001000000000000000000000000000000000000010000100
000000000000000000000000000010000000000001000000
001011000000000000101000000000000000000000011100
000000000000000000100000000000000000000000001100
000000010100000000000000000000000000100010001100
000000000000000000101000000000000000000000000100
000000000000000000100000111000001000000000010000
001010001000010010001000100000000000100001000000
000000000000000000000000000000000000000000000000
000000000001000101101000111111110111101101101000
000000000000000000000000001000000000000000000000
000000000000000000101000001000000000001000000000
001010010100010010101000111000001000100000111000
101010000001000000100000000000000000100000001000
100001010001100010000000100000001000100101000000
010000000101000000101000000000000000001000001000
101000000001100000101000000000000000000000000000
101000000000000000100000000000000000101000101000
010000011000001000101000111100000010100001000110
111011100111000110101010110101100011101010001101
000000000000000000000000000000001001000000000000
001010000001000010000000110001000000101000101000
000000000000000001000000110101100011000000000000
101000000100000000101000111111110111100100101000
000010000000000000101000000000000000000000000000
000000000001000000000000000000000000100000001000
000001000100000000100000101000000000100000101000
000000000000000000001000100100001010000000001000
000010000000000000100000110100000010000000000000
001000001000100101001000000000000000000000000000
000000000000100000101000000000000000000000000100
010000000000000000000000000000000000000000000000
101000000010000001100000110101100011000000000000
000000000000000000100000000000000000000000000100
001010000001000000100000110000000001101000100000
000000000000000000101000111000000000001000001000
000000000000000000000000001000000000000000000000
111000000001000001101100000000000000100000000100
000000000000000001000000110101000000000000000000
001010000000000000000000000000001000100000010100
000000000000010001100000000000000000000001000000
000000010000010000000000000000000000000000100000
000000000001000000100000000001000000000000000100
000000000000000000100000000000000000000000000000
000000000100000000100000111100000001101000101000
000000000000000000000000000000000000000000000000
001011000001010010000000100000000001000000001000
000010000000000000001000000000001000010001000000
101011111111000011111001000000000000000100000000
010010000001000001000000110100000010000000010001
000000000000000000100000001000000000100000001000
000000000001000000000000000000000000000000000000
000010000001000000100000000000000000000000010000
101010000001100000101000111111110111100101101001
000000001000000001101000100000000000000100100000
000000000000000000101001000000000000000000000100
000000000001000000000000000000001000000000000000
000000000100000000000000001000001000000000000000
001000000101000000101000110100000001000000001000
010010000101000000101000000000000000000001000100
001000000000000100101000100000000000000000001000
000000000000000000100000000000000000101000001100
001010001011000101101000000000000000000000000000
000000000000000000000000100000000000000000000000
000000000000000000101000000000000000001000000001
000000000000000000100000000000000000100000000100
000000000000000000000000111111110111000100000000
100000000011000000101000000000000000000000000000
001011000001000010101000100011000001100000001000
000000000000000000000000001000000000000000000000
010000000000000000000000000000000000000000000000
010001010001001001100000110001001001100001100100
000000000000000000000000100000000000000000000000
000000000000000000100000000000000000000000001100
001010000101000000100000000000000000000000010000
000000000001000000101000000000000000000000001000
000000000000000000000000001000000000000000000000
001000000101000011111000100000000000000000000000
000000000000000000000000000000000000000001000000
000000000000000001001000111101000010000000001000
000000000000000000000000001000000000000000000000
000000000000000000000000000000000000000010000100
000000000000000000101000111101000010100010101100
000000000001000000100000110100000011100000001000
001000000000000001000000110101100011000000000000
000000000001000000101000000000000000000000000000
000000000001000000100000110100000011000000000001
000000000000000000000000100000000000000000000000
001000000000000000100000000000000000000000001000
000000000000000000100000100000000000000000000000
000000000000000000100000000000000000000000000000
111011100111000001101000000000000000000100000000
000000000000000000100000000000000000000000000100
000000000000000000000000001000000000000000000000
000000000100000000000000001000001000000000000000
001000000001000100101000000000000000000000000000
000000000000000000000000001000000000000000000000
000110010001010010000000110011000001100000001000
000000000000000000100000000000000000000000000000
000000000000000000100000000000000000000000000000
000010000001100000100000101000000000000000001000
000000000000000000101000000000000000000000001100
000000000000000000101000000000000000000000001100
100000000000000000000010000000000000100000001000
000001000000000000100000000000000000001000101000
000000010001000000000000110111000011000000000000
000000000000000000000000001010001000000000000000
000001000000000101101000000000000000100000001100
000000000001000000000000110000000000000000000000
011001000101000000101000000010000000001000000000
100000000001000000101000111111111111101100101000
000000000000000000000000000000000000000000000000
000000000001000001100000110101100011000000000000
100010000001000000000000001010000000000000001000
000000000000000000000000001000000000000000000000
001000000000000011100000111111110111000100001000
000000000000000000000000001000000000000000000000
001010000001000000100000110001000000100000001000
000000000000000000000000001000000000000000000000
010000000001000000000000100000001001100000000011
000000000000000000000000000000000000000000000000
011001010001000100101000000000000000000001000000
110000000001000001101000100000000000101000000000
010000000000000000000000000000000000000000000000
000000000000000000000000000001001000000000001000
101010001001000001101000111000001000100000010000
101000000101000000100000110111000011000000000000
000000000000000000101000110100000010000000000000
010000000000000000000000000000000000000000000000
100000000001000000100000000000000000000000000001
101010000001000000101000100000000010000001000000
000010000000000000100000001000000000100000001000
101000000111010001101000110101101011101001100001
000000000000000000000000000000100000000000010000
000000010001000000000000000010000000100000001001
000000000000000000100000001000001000000000001000
000000000000000101101000000000000000000000001000
001000000001000000100000000001000000000000000000
000010000011100101110000100100000001101001000000
001000000001000000000000000000001000100000000001
101011011111100110101000110100101011100000001000
000000000001000000100000001000000000000000000000
001000000000000000101000000000000000000000001000
110011010000000000000000110010100011000000100000
000000000000000000000000110000000000000000000000
000000000100000000000000100001000000000000000000
101001000001100101101000000000000000000001001010
001010000001000000000000110000000000100001000001
010001010001001001100000110001001001000001000100
100010001011000000101000110000000000101000010001
000000000000000000101000000000000000000000000000
000000000000000000101000001000000000000000000000
000000000000000000000000000000000000000010000100
100000001101000000101000111111110111101100101000
000000000000000000000000001101000010000010000100
010000000000000000000000000000000000000000000000
001010000001000000100000110000000001100000000000
000000000100000000000000110100000001001000000000
000000000000000000000000001000000000000000000000
010000000100000000100000000000000000001000001000
000000000000000000100000000000000000000010001100
000000000100000000000000001010000000000000000000
000000000001000000000000000000001000000000000000
000000000100000000101000111111110111000100001000
000000000000000000000000000000001000000000000000
001011000101100000101000110111000010000000000001
000000000001000000100000000000000000100000001000
000000000000000000000000001010000000000000000000
000000000000000000100000000000000000000000000000
000010010001101101000000110101000000000000000100
000000000000000000100000000000000010000001000000
001001000000000000000000000000001000000000000000
000001000011000101101000000000000000000000000000
001010000011000001100000000100000010101101000100
000000000000000000001000111111111111100100101100
001000000001100100101000000000000000000000001100
000000000000000000000000000000000000000001000000
000000000000000000000000000000000000000000000000
010011011100110100101001111111110111100100101000
001000000001000000100000000000000000001000010000
000000000000000000000000000000000000000000000000
000000000000100110101000000000000000000000010100
001001010011110010010010100000000001100000000000
000000000001000000100000100000000000000000011000
001000000011000001101000001000000000000000000000
001011000000000000100000001000000000100000000000
101001000001000000000000010000001000000000100000
001000000111100000000000110000001001110000000000
000000000000000000101000000000000000000000000100
100000000011000000101000000000000000000000000000
000000000001000000101000000000000000000000000000
000000000000000000101000100000000000000000000000
000000000000000000000000000000000000000000010000
101010000000100010001000100000000001000000010000
001000000000000000100000100000000000101000001100
001010000001100100111000110100100011100000001101
001000000000000000100000000000000000000000001100
011000110001001000100000111000000010000001000110
000000000000000000000000000000000000000000000000
100001000001000000000000100001000001000000010001
000000000000000000100000000000000010000001000000
000000000001000000101000000000000000000000000100
101000000001100000101001000000000000000000000000
001000000000000000101000000000000000100000001100
000000000000000000000000001010001000000000000000
010000000000000000000000000000000000000000000000
001011110110000001101000000000000000000000001100
000000000000000000000000000000000000000000000000
000010000100000000100000001100000000000000000000
000000000101000000100000110100000001000000000000
000000000000000000000000000000000000000000000000
100000000000000000000000000000000001000000000000
000000000100000000000000001000000000000000000000
000010000101000000101000110001000000100000000000
010000000001000000101000111111110111101100101000
000011010001000000000000000000000000000000000000
010010010001000010100000110001000001000000001000
101011000000000000000000101001010100000000000000
000000000000000000000000001000000000000000000000
000010000001000000101000000000000000000000001000
100000000000000000100000001000000000001000001000
000000000000000000100000100000000000000000001000
000000000000000000000000001000000000000000000000
000000000100000000001000001010001000000000000000
001000000001100000101000000000000000000000000000
000000000100000001100000111111110111100100101000
001010000001000000000000110100000000000000000000
000010000001100010101000001000000000000001001000
000000000000000000100000000000000000000001000100
000000000101000001101000000000000000100000001000
001000000000000000001000000000000000000000000000
001000000001000000101000000000000000000000000000
000010000001000000000000110101000010000000010000
010000000000000000000000000000000000000000000000
000000000000000000100000000000000000100000001000
101011001001010001101000111000001000100000000000
100000000000000000101000000000000000000000001000
101010000001000000101000000000000000000000001000
001011000001110010000010110010001001101000100000
000010000101000000100000110100001000000000000000
101011000000000001101000000000000000000000001100
000000000000000000000000000000000000000000000000
000000000000000000000000001000000000000000000000
000000000100000000000000110100000001101000101000
000000000001000000000000000000000000000000000000
000010000000000000000000000010000000000001000000
101010000101000000100010000000000000000000000110
001000000001000000101000000000000000000000000000
010010010100010000100000101000100010100000000000
101010000001000000101000000000000000000000000000
000000000000000000000000001000000000000000000000
000010000000000000100000110000000001101000100001
000000000000000000100000000000000000000000001000
000000000001000010000000110000000000100000010000
000000010101100010000000100000001001100000000001
000000000000001001000000110100000010000000010000
100000000000010000000000000000000000000000000000
010000000100000000100000000000000000000000001100
100011000000000000101000111101000010100000001000
000010000001000001000000000000001000100000010100
000000000000000000100000000000000000001001000000
011011000000000000000000110000001000100010000100
001010000101000000101000111111110111101100110001
000000000001000000101000000000000000000000000001
000000000001000000101000000001000000000000010000
000000000001000000000000000000000000000000000000
001010000001000000100000111000000001101001010001
001010000001000001101000110000000000000000001000
000000000000000000000000000000000000000010001100
000010000000000001001000111101000000000001000000
000000000001000100001000100001000000100000000000
000000000000000000100000000000000001000000000000
000000000000000001101000001000000000101000101000
001000000000000000000000100000000000101010000100
000000000000000000100000110111000010001000010000
000000000000000000101000111111110111100100101000
000000000000000000100000110000001000000000000000
000000000000000000100000000100000000000000000000
000000000001000000101000000000000000000001000100
101000001001000000101000111000001000100000000000
000000000001000001000000111101100011000000001000
100011001101000100101000110000000000100000010000
000010000000000000000000111111110111000101000000
000000000000000000000000110000000000000000000000
000000000000000000100000000000000000000000001000
000000000000000000100000110100000010000000000000
010010010101010010100000101000100010100000000000
000000000001000000000000000000000000000000000000
001010001000010010001000100000000000100001000000
010000000000000000000000000000000000000000000000
010010100110000101101000110000001000000000000000
000000000000010000010000000000000000000000010000
000000000100000100100000000000000000000010000100
000000000001100000100000001000000000000000001000
000000000110000000100000110100000010100010100101
101000000001000001101000111111111111101100101000
001000000001010000100000000000000000000000000000
000000000000000000000000000000000000000000000000
111010010101000110101011110101100010101001001001
000000010000000000000000111000000010000000000000
000000000000000000000000001000000000000000000000
000010000001000000000000000000001001000000000101
000000000000000000000000111111110111000100000000
000001000000000000100000000000000000000000000000
001010000001100001101000000000000000000000000100
011000000001000001101000000000000000000000000000
000000000000000000000000000000000000000000000000
001001000001100000101000000000000001010000000000
001001000000000000101000000000000000000000000000
010000000000000000000000000000000000000000000000
000000010000000000100000000000000000101010101100
000011000101000000100000111111110111000100101000
010010010001000001101000000000000001000000000000
100011000001000100100000110001101000100000000000
110000000101000000101000110000000010000000000000
011001000101100000101000000000000000100000001100
001010000100000000101000111111110111101100101000
001011000000000100101000000000000000000010000100
011011000001001001101000000000000000100000000000
000010000011100101110000100100000001101001000000
100000000100000000100000000000000000001000001000
010000001101000001101000101001001000001000000000
100000000000000000101000000000000000100000000000
001000000000100101001000000000000000000000000000
000000000000000000000000001000000000000000000000
000000000001000000000000000000000000100000000000
101011001101100111111000110001100010100100010001
000000000000000000100000000000000000000000001000
000000000000000000000000001000000000000000000000
100000001001000000000000000100000010000000000000
000000000000000000000000000000000000000000000000
000000000000000000000000001000000000000000000000
000000000011000000101000100000000000000100000000
010000000000000000100000001000001000000000001000
010010000001000001101000001100010100000000001000
000000000100000000000000001000000000000000000000
000011000101000000101000100100100010000000000000
000000000000010000100000000000000000000000000000
000000000000000000000000111111110111000100000000
110011010000000000000000110010100011100000100000
000000000000000000000000000000000000000000001000
000000000101000000101000111111111111101100101000
000000000001000000000000000000000000100000000000
000010000000000000100000110000000000100000000000
111011001001011101101000111000001001100100101001
100000000011000000101000000000000000000000000000
010000000000100000100000110000000000000000000000
101001100001000000101000111111111111101101111000
000000000000000000000000000000000000000000000100
000000000000000000000000001000000000000000000000
000001000000000001101000000000000000000000000100
001000010001000000100000110000100000000000000000
001000000001000000100000010000000000100000000001
000000000100000000000000111111110111000100000000
001011000000100000101000100000100000100000100000
000000000000000000000000001000000000000000000000
000000000001000000000000000000000000000001000000
000000000000100000101000000000000000000000001100
000000000000000000000000001000000000001000000000
010000000100000000000000000000000000000000001000
001010010000000000101000000000000000000000000000
000010000001000000101000100000000001000000000000
000000000000000000000000001000000000000000000000
001000000000000000101000000000000000000000001100
010000001100000000101000111111110111101100101000
000001010000000000100000001000000000100000000000
000000000000000000000000001000000000000000000000
101001000000100000100000000000000000000000000100
000000000000000000000000000000000000000000000000
010010000000000000100000100000000010101001100100
100000000000000000101000000000000000000000001100
001010000001000110111000100000000000000000000000
000000000000000100000000000000000000000000000100
000000000001000000100000100010000000000001000000
000000000000000000101000111111110111101100101000
100000000011000000101000000000000000000000000000
000010000001000000101000111001000000000000101000
000000001010000101101000000000000000000000000000
000001000100000000100000101000000000100000101000
000010100000000101100000000000000000000000000000
000000000000000000000000000000000000000000000000
000000000100000101000001000000000000100000000100
000000000000000000000000111111110111000100000000
000000000000000000100000000000000000000000011000
000010000101000000101000111111110111101100101000
100000000001000001100000111111110111000100001000
111011011001100111111000111000001001110011110010
000000000001000000101000010000000000000000100000
001000000000000000100000000000000000000000000100
000000000000000000000000100000000000000000001000
000000000000000000100000000000000000000000001000
001000000001000001000000110101101011000000000000
101000000001100000101000000000000000000010001000
111011110011000001101010000000000000000000100100
000000001001010010101000001000000000000001000010
010000000000000000000000000000000000000000000000
001011000000100101101011000000000000000000000100
001000000000000000101000000001000000000010000000
001010000001110010101010100000001001100000000000
100010000001000000101000110000000000000001000000
010000000101000000100000000000000000000000001000
000000000000000000000000001000000000000000001000
100000000000000000000000000000000000000000001100
000000000000000000101000000000000000000000000000
110011010001000000101010100000001010100000010000
000000000001000000101000000000000000000001001000
000000000101000000100000001000000000000000000000
010000000000000000100000111111110111000100000000
000000000000000000100000000000000000101010101100
001000000001000000100000010000000000100000000001
000000110000000000000000000000000000000000000000
000000000000000000100000001000000000000000000000
000000000000000000000000001000000000000000000000
000000000000000000100000000000000000000000001000
000010000001000000000000110100001010000000000000
000000000000000000000000000000001000101000000000
001010000000000010101000110000000000110000110000
101011001001100000101000111000001001100000000000
000000000001000000100000000000000000000000101000
000000000000000000000000111111110111000100000000
000000000000100000001000001000000000000000000000
000000000001000000100000000010000000000000000000
000000000101000000100000110100000001001000000000
000000000000000000000000001000000000000000000000
001000000001000000101000001000000000000001000000
000000000000000000000000100000000000000000000000
000000000000000000101000000000000000000000000100
001000000001000000000000000000000001001000000000
001000000001000000101000000000000000000000000000
000010000000000000000000001000000000000000001000
110011001111100110111001110101100010100000001001
000000000000000000100000110001000001000000000000
001010001001010010001000100100100010100001000000
000000000000000000000000100000000001000000000000
011000000101000000100000000000000000000000000100
001001000101000000101000000000000000000000000100
111011000101100110111001110101100011101000001001
001001000000000000101000001000000000000000000000
000000000100001000101000000000000000000000000000
000000000000000000100000001000000000000000001001
000000000000000000000000000000000010000000000000
000000000000000000000000000000000000000000000000
001000000001000000000000110000001000001001100000
000000000001000000100000000000000000100000000000
001000000001000000101000100001000000000001000000
001000000001000000000010110011000000100000010000
000000000001000000000000000000000000100000000000
000000000000000101101000000000000000000000001000
111011010111000001101000100001000001100000100000
000000000000000000000000100000000000101000000000
001000000000000001000000110101100011000000000000
001010011001100000000010100000000001100001010001
000000000000000000000000110000000000000000000000
000000000000000000000000001000000000000000000000
100000000100000110101000111111110111101110101100
000000000000000000000000000000000010000000001000
000010000001000000111000001000000000000000011000
001000000000000000101000001000000000010000011000
101011001001000000101000111000001000100000000000
000000000000000000000000001000000000000000000000
000010000001000000101000110010000000000000000000
000000000000000000100000000000000000000000000000
000000000001000000000000110100000010100000010000
000000000000010000100000000000000000000000001000
001001000011100111101000110110000010100101001001
000000000000000000000000000000000000000000000000
000000000100000000100000110100000001000000000000
001000000000000000000000000000000000000000000000
000000000000000000000000000000000000000000000000
101010001001000010101000111000001001100000010001
000000000000000000000000000000000000000000000000
010000000000000000000000000000000000000000000000
100011001101000100101000111000000000100000110000
001000000001000000101000000000000000000000010000
010010000000000000001000001000010100000000000000
001000000000000001101000111111111111101100101000
000000000001000010000000010000000000001000000000
000000000000000000000000001000000000000000000000
000000000000000000100000000000000000001000000000
000000000000000000000000001000000000000000000000
000000000000000000000000000000000000000000000000
001000000000000001001000000000000000000000000000
000000000001000000000000000000000000000000100000
101000000000000000000000000000000000000000001000
000000000000000000000000000000000000000000000000
000000000001000001001000000000000000000000001000
000000000000000000000000000000000000000000001000
111011010111000001101000100001000001100000100000
000000000000010000000000000000000000000000000000
001000000000000001000000110101100011000000000000
000000000000000000000000000000000000000000000001
001010000001000000101000001000000000000000001000
011000000101000000001000110000000011100000100001
000000000100000000000000001010001000000000000000
000010000101000000100000111111111111100110101101
001010000000100000100000001000010100000000001000
110000000101000001101000110000000000000100000000
000000000001100000000000100000000000100000000000
000000000000000000000000001000000000000000000000
000001000001000000100000000000000000000000001000
001000000001000000000000110001000000000000000000
000000000000000000000000001010000000000000000000
000000000101000100101000111111110111100100111000
000000000100001000000000110000000000100000100000
001000000001000000000000100000000000100001000001
000000000000000000000000000000000000000000001000
001010001001000010101000110000000000100000001000
000010001011000110101010110001101011101100010001
000000000000000000100000110001000010000000000000
000000000000000000100000000000000000000000001000
000000000001000000000000000000000000000000000000
000000000000000100101000000010000000000000001000
000000000000010001000000000000001000000000000000
000000000001100000101000110001100000100000000000
101000000101000100100000000000000000000000000100
000000000000000000000000000000001000000000000000
000000000000000000100000000000000000000000011000
101011001101100100101000110111101011100100000001
000010000000000001101000000000000000000000011100
001010000101100000101000000000000000000000001100
100000000001000000000000000000000000000000000000
000000000000000000000000110000000000100000000000
000000000100000000000000001000000000000000000000
010010000101000000100100000000000000000000000000
000000000000000000000000001000000000000000000000
000000000000000000000000001000000000000000000000
100000000001000000100000000000000000000010000000
000000001000000000101000001000000000000000000000
000000000000000000000000111111110111000100000000
001000000000000000100000000000000000100000001100
000010000001100000100000001000000000000001000001
010000000100000000000000111111110111101101101000
101010011011000111101000110001100010100001000001
101010000000000011100001110101000010000000000000
000000000001000000101000000000000000000000001000
000000000001000001000000110100001010100000010100
000000000000000000000000000000000000000000000000
000010000000000000101000000000000000000010010100
000000000101000000000000110101000010100000000001
000000000000000000000000001000000000000000000000
000000000000000000000000000000000000000000000000
001011010001100010000000100000000000110001001000
001010010000110010000010100000000000100000000000
000000000000010000100000000000000000000000001000
001010001000000000101100000000000000100000000100
001010001001000000000000110011000000110000001000
110000000111000001101000111111110111101100101000
000010001001000000001000001000000000100000001000
000000000000000000000000000000000000000000000000
000000000001000000000000001000000000000000001000
001000011101000000001000110000000000000000001010
000000000000000000000000000000000000000000001000
000010001000010000100000111111110111000100000000
111011011111000110101010110100100010110001001000
001010000000000000100000101111110111100101001000
000001000001000010100000100011000001000000001000
011010000110000000101000110000000000000000001000
000000000001000000101000000000000000000000001000
000000000000000100000000001000000000000000000000
101000000011000000101000110000000000100000100000
010010001111000001101000000001001001100000000101
000000000100100101100000000000000000000000101100
001000000001000000000000010000000000000000000010
000001000001000000100000110000001000100000000101
000000000000000000000000000000000000001000001000
111011011011000011010000100110000001101001000100
000000000000000000000000000000000000000000000000
001000000101000011111000100000000000000000000000
000001000000100000100000000000000000000000000100
000000000001000000000000110000000000000000000000
001010101001010010001000111111110111101101110000
001010000001100100101000110000000000100000101000
101000000000000000101000100000000000000000000000
001011000001100010101000101011000001101000101000
000010000001000000000000000010000000000001000000
000000000000000000101000001010000000000000000100
000000000000000000001000111101000010000000000000
000000000000000001101000001000001000000000000000
001000010000001000101000001000000000000000001000
010000001000000000000000011000000000100000000001
000000000000000000000000000000000000000000000000
000010010101100100101000111101000010100010000100
010000000101100000101000001000000000000000000000
100000000000000000000000110100000010000000001000
001000000000000000100000110100000010101000100000
000000000001000000001000111111110111101100101000
011011000101000100101000110000000000100000100000
101011000101100000101000110111101011101000001001
100010000000000000100000000000000000001001001100
001010010001100010100000100000001001100001001000
000000000000000000000000100000000000000000000000
000000000000000000100000000000000000100000001100
000001000001100010001000100011000001000100010000
000000000100000000101000111111110111101101101000
000000000001000000100000000000000000000000000000
100010000101000001111000001100000000000100000000
111011011101011111101000000110001001110011110111
000000000001000001101000111111110111100100101000
000000000001000000100000000000000010000001000000
000000000001000100101000110000000000000000000000
000000000000000000000000000000000000101000100001
000000000100000000100000000000000000000000001100
100000000000000000000000000000000000000010001000
000000000000000000000000000000000000000000000100
010010000001000010100000000011000000001000000000
101000001001000000101000111000001001000000000000
000010000001100000100000000000000000001000000000
101010000001000000101000111111111111000101111000
000000000000000000000000001000000000000000000000
101000000000000000100000001000000000000000000000
000000000000000000001000000000000000000000001000
000000000000110000000000111111110111101100101000
000000000001000010000000000000000000000000000000
000000000000000000000000001000000000000001000000
101000000101100001101100000000000000000001001100
000000000001000000101000000000000000001000001000
000000000001000000100000010000000000100000000000
000000000000100000100000001000000000000000000000
000000000000000000100000000000000000000000000000
000000000000000000000000001000000000000000000000
001010000000000000101000000000000000001000001000
000000000100000000001000000000000000000000000100
110000000100001000100000000000000000000000001100
000000000000100100101000110000000000101000100000
001000000001100000101000000000000000001000001000
000000000001000000000000110000000000100000000000
101001001001100100101000000000000000000000000100
000000000000000000000000001010001000000100000000
001010000001100100101000000000000000000000001000
000000000000000000100000110000000000000000000000
001000000000000000100000110000000000100010010000
000000010001100000100000110011000000101000010001
000000000000000000000000001000001000000000001000
000000000000000000101000000100000000000000000100
000000000000000000000000001000000000000000000000
001000000001000000101000110001000000000000000000
010000100100000000000000111001000010100010000000
010000000001000000100001000000000000000000011000
000000000000000000000000110000000000000000010000
000010000001000000000000000000000000000000000000
000000000000000000000000000000000001000000000100
101111001001000001101000111000001001110000010000
001000000000000100000000000000000000000001001000
111011010111101111101010001010001001110111010111
100000000101100000101000110001001001100000000000
000000000000000000100000000000000000000000001000
000000000000000000000000000110000000000001000000
000000000000000000000000000000000000000000000000
001000000000010000101000000010000000000000000000
000010000000000010000000110001000000000000000000
010000000100000000100100000000000000000000000000
001010000001110000101000101001000000000001011000
000000000000000000000000000000000000000000000100
000000000000000000001000000000000000000000001000
000000000000000000100000000000000000101000001100
000000000001000001100000110010101001000001000000
000000000000100000100000000000000000000000000100
000000000001000000100000001000000000000000001000
000000000000000000000000000000000000000000000000
001000000000000000000000110100000010000000001000
100000000001100000101000000000000000100000001000
100001000111001110111011111101100010101000001001
001000000001000001100000000000000000100010001100
000000000000000000100000000000000000000000001000
000000000000000000000000001000000000000000000000
010000000001000000101000000000000000000000000000
000000000001000000000000010000000000000000000010
000000000000000110101000000000000000000000000000
101000001001000100101000111000001000100000001000
000000000000000000001000001000001000000000000000
000000000000000000100000000010000000100000000100
111011001111100110101000110101101011100101011001
000010000000000000000000000000000000000000000000
000000000000000000100000000000000010000001000000
000010000000000000000000000000000000000000000000
111010001001000100101000111000001000100101000000
100000000001000000000000000000000000000000000000
000010000001010010000000110001001000000000010000
111010111111110100101000000000000001100101010101
010010100010000001101000000000000000001000000100
000000001001000000000000111111110111001100001000
000000010100000001101000111001000000100010001000
000000000001000000000000100000001000000000000000
101000000000100000100000000010000000100010101100
001000000000000000100000100011000000000001000000
101000000001000000101000000000000000000000000000
010010000101010000100000101000100010000000000000
000000000000000000000000111111110111000100000100
000000000000000000100000110000000010000000000000
001010000001100000100000000000000000000000001100
000000000001000010100000000000000001000000010001
000000000000000000000000000000001000000000000000
000000001001010010101000100000000010000001000010
000000000100000000100000111111110111100100101000
000000000000000000100000000000000000000000000000
000000000000000000000000001000000000000000000000
011010011101110110110011100000001000100001001000
000010000000000000100000000000000001000000000001
100000000000100000101000001000000000000000100000
000000000001000000001000100000000011001000000000
000010000001000000000000001000000000000001001000
001000000001000000100000110000000000000000000000
000000000000000000100000000000000000100010101100
000000000000000000000000001000000000000000000000
000010010101000000000000111111110111100101101000
001001000000000000101000001000000000100000001000
001011000001100000100000000000000000000000001000
100000001000000000100000000000001000000000000000
000000000000000000000000000000000000000000001000
000000000000000000000000000000000000100000001100
000000000101000000101000000000000000000000000100
001000000001000000101000110000000000100000000000
100000000011000000101000000000000000000000000000
000000000001000000100000111001000011001001010000
000000000001000000000000000000000000000000000000
000011010001000000000000010000000000100000000000
101001011001000010101000111000001001100000000000
000000000001000000000000110001000000101000000000
001000000001100010100000100000000001000000000000
010000000101000000100100000000000000000000000000
000000000001000000100000000010000000000000000000
100000000001000000100000000000000000000001001000
101001000100100111101000000000000000000000001100
000000000000100000000000000000000000000000000000
001000000101100000100000000000000000000000000000
010000010001000001000000000000000000101010100100
000000000001000010101000001000100000000100000000
100001000000100000101000000000000000000010011100
001010011011000100101010110101100010100000000001
000011000101000000101000111111110111001100101000
000000000100000000100000000000000000000000000100
001000000000000000100000110100001010000000001000
011011000011100101101010001000000000000000000000
101001011001000000101000111000001000000000000000
000000000000000000000000100000000001000000000000
100000001101000000101000110100000000001000000000
101000000011000010101000000000000000100001001100
001000000000000000101000111111110111100101101000
110000001111000011100000110011000001100010101100
000000000000000000001000000000000000000000000000
000010000000000000100000000000001000000001000000
010010001001000001101000111000000000000000101000
000000000001000000101000111111110111000100001000
000001000000000000000000001000000000000000001000
000000000001000000100000000000000000000001000000
000000000000000000001000001000000000000000001000
000000000000000000000000001000000000000000000000
000000000100000000100000000000000000000000000000
000000110101000000000000111000000000100000000000
000000000000000000100000000000000000000000001000
000010000001000101101000110101000010000000010000
000010010001100010000010100000000001100000000000
001000000001010010100000111111110111100100101000
000000000000100000100000000000000000001000011100
000000000000000000000000000000000000000000000000
000000000000000000000000001000000000000000000000
010000000100000000101100000000000000000000000000
000000000000000000100000000000000000100000001100
000000000000000000000000000000000000000000001000
000000000001100101101000000000000000000000001000
000000000000000000000000001000000000000110000000
000000000001000001100000110000000000001000000000
001000000000100001100000111000001000010000000001
000000000101000000101000110000000000001000001100
111001001001000000101000111000001001100001000000
000000000000000000000000000000000000000000010000
101001000001000000100000000000000000000000011100
100000000000000000101000000000000000000000001000
001010000001000100000000000000000000000001001000
111011001101110111111001001110001001100101011101
000000100001000000100000000000001000000000000000
000000000000000000101000000000000000000010000000
000000000000000000000000001000000000000000001001
010000000000000000000000000000000000000000000000
000000000000000100000000001000000000000000000000
010000000000000000000000000000000000000000000000
000000000000000000100000110001000010000000000000
000000000000000000000000000000000000000000000000
000000000000000000100000001000000000000000000000
000000000001000000000000110000000000000000000000
000000000000000000000000001000000000000000000000
101011010101110011101000100011000001110000000000
100000000001000000100000000000000000000001001100
000000000001001000101000111111110111100100101000
000010000100000000101000111111110111100100101000
000000000101000100101000010000000000000000010000
001000000001000101101000000000000000100000001000
000000000001000000000000001000000000000000010000
001000000000000000100000000000000000000000001100
000000000000000000000000111111111111000100010000
101010010001110010100010100000000001100000110000
000000000000000000000000000000000000000000000000
000010000001000011101000000000000000001000000000
101000000001100000100000110000000000000100000000
000000000000000000100000000000000010000001000000
000000000000000000000000001000000000000000000000
101010000011010010111000100000000000000000000000
101000001101000001101000110101001010000000000010
000000000000000000100000000000000000100000000100
000000000000000000000000000000000000000000000000
000001000100000001101000111000001000100000001000
100010000001000000101000110010000000100000000000
000000000000000000000000010000000000000000000000
101000010011100001101000000000001000000000001001
000000000000000000000000111000000000000000001000
000001000000000000000000110000000001101010000100
000000000000000000000000000000000000000000000000
000000000000000000000000000000000000100000000000
000000000100001000000000110000000000100000100000
001000001001000000101000000001000000101010110100
000000000000000000100000000000001000000000000000
000000000000000000000000100000000000100000000000
001010000001100000101000000000000000000000001000
000000000001000000000000000000000000000000000000
000010101011000001101000001000010100100000001000
101010001000110010101000100000000000000001000000
000000000000000000000000000000000000000000000000
000000000100000000101000000000000000000000001000
000000000000000000000000000000000000000000000001
100000000001000000100000100001001000001000000000
101001000100100111101000000000000000000000001100
000000000000000000000000001000000000000000000000
000000000100000000100000000000000000000000000100
000010000000000000000000000000000000000001011000
000000000101000000100000110100000001000000000000
001010000000000100100000001000000000000001000000
000000000011100010111010000000000010000000000100
101001000011110010000010110000000001101000100000
000000000101000000100000000000000000000000000000
001010000100000000001000111000000000100000101000
000010000100000000101000110000001000100011010000
000010000001000000100000001000010100101000101000
000000000000000000100000000000000000000000001000
000000000000000000000000000000100000000000010000
000000000101000000100000110100000001000000000000
000000000001000000000000000000000001000000000000
000000000000000000000000100110000010000001000000
000000000000000000000000001000000000000000000000
000000000000000000000000001000000000000000000000
000000000000000000101010000000000000000000000000
001000000001000000100000000000000000001010001100
000010000100001000100000111111110111101100111000
000000000100000010000000111111110111101100111000
000000010000000000000000000000000000100000100000
000010000000000000000000000000000000000000000000
001000000101000000000000110101000000000000000100
100001010101110110000000100000000001100000010000
000010000100000000101000001011001000000001001000
000000000000000000000000001000000000000000000000
010000000001000010000000110010000000000001000000
001000011111110110011000110011100011110100000000
000000000001000000100000000000000000000000000000
000010000001000000001000001000000000000001010000
000000000101000000101001110101000000000000010000
000000000000000000000000000000000000000000000000
001000000000000000000000110100000000001000000000
000000000000000000000000001010000000000000000000
000000000001000101001001000000000000000000000100
000000000001000000001000100011001000101000001000
000000000000000000100000000000000000001000000000
010000000000000000000000000000000000000000000000
101000001001000001101000111000001000000000000000
101010000001000000000000000000000000000000000000
000000000000000000000000000000000000000000010000
000010000000000000100000001000000000000001000000
000000000001000000101000100000000000100000100000
011000000001000001100000001000000000000000001100
011010000111010001101000111100111110000000000000
000000000000000000000000000000000000000000000000
011010000001100010101010000000001000100000001100
000000000001000000000000110000100000000000010000
000000000001000010101000001000100000000100000000
000000000000000000000000000000000000000000000000
010000000000000000100000111111110111100100101100
000000000000010000101000001000000000000000001000
010010000100000000001000111000010100101000101000
000000000000000000000000100000000000000000000000
000000000000000000100000000000000000001000001000
000000000000000000000000000000000000000000010000
000010000001000000101000000000000000000000010100
000000000000000000000000100000000001101000000000
000000000001000001100000100100001010100000000000
101010000001000110100000110001001000011000001001
001010000001010000000000110111011011000100010001
000000100000000000101000001000000000000000001000
000000000000000000100000000000000000000000000100
000010000001000000101000000010000000000001000000
001000000000000000000000001000000000000000001000
001000000000000001000001110101100011000000000000
000000000100000000000000001000001000000000000000
000000000000010000000000000000000000000000000000
000000000000000000000000100101000011000010010000
000000000100000001000000000000000000000000001100
000000000000100000100000001000000000100000001000
000000000100000000100000111111110111101100101000
000000000000000000101000111111111111101100101100
000000000000000000100000110100000010000000010010
101010001001000000101000111000001000100000000000
001010000000000000100000000010000000000000011000
000000000000000000000000001000000000000000000000
101001000001000000101000000000000000101010100100
000000000000000000000000000000000000000000000000
101010000001000010000000101100001000001001000001
100011000001000000101000001000001000001001010000
000000010101000000101000111111110111001100001000
000000000000000000101000000000000000010001000000
000010000001000000101000000000000000000000000000
000000001001000000100000110100000010000000000000
000011000001000000101000000000000000000001000000
001000000001000100100000001000000000000001000000
100000000001000000100000000000000000000000010000
001000010001000000000000110000000000000000000010
001010000001000000100000001000000000000000000000
000000000001100000101000110001100000101010000000
001010000000000100100000010010000000000000000001
001011010111110111111000001011001001101111010101
000010000110000000100000111111110111101100101000
011011000001110010100010100000000001100000000000
101000001001000001101000111000001000100100000000
010010010001000010100000110001000001000000001000
001000000001000000101000110000000000000000000000
000000000000000000100000000000000000000000001000
001000000100000000101000111111110111100100101000
000000000000000000100000111111110111000100000000
001000001001000000101000110010001000000100000000
000000000000000000100000000000000000000010001100
100000000101000000100000110001000010000000000000
000000000100000100101000000000000000000000001000
000000000000000000101000001000000000100010000100
000000000100000000000000111111110111101101101000
000000000000000000000000100000000001000000000000
000000000000000000101000000000000000000000001000
000000010000000000000000011000000000000000000000
001000000001100000000000000010000000000001000000
001000000001000001101000111001000010000010000000
000000000000000100000000001000000000000001001000
001000000001000000100000000000000000000000000000
000000000000000000100000000000000000000000000100
000010000001000010000000000000000000100000010000
101001000001000001100000100010000000000000001000
000000000000000000100000000000000000000000001100
000010000100000000101000000000000000000000010000
000000000000000000100000001000000000000000000000
000000000000000000101000001000000000000000000000
000000000101000000100000100000000000000000000000
000000000000000000000000001000000000000000000000
000000000000000000100000000000000010000000000000
000000000100000000100000000000000000000000000100
001010000000000010001000000000000000000001000000
100000000001000000101000100000000010100000000000
000000000000000000000000000000101000001000010000
000000000001000000100000000000000000000000000000
000000000000000000100000100000000000000000001000
000000000000000000100000000000000000000000001000
001011000001000010101000100000000001000000000000
001010010110000100101000000000000000000000001000
101010000001101010101000100100100010100001011001
001000001001000000000001000001000000000000001000
000000001000000000100000000000000000000000001000
000000000000000000000000001000000000000000000000
000010000001000000100000110010000001100000000100
001010000000000101101000000000000000000000000000
001011001011000110101000110101101011100000001000
000000000000000000000000000000000000000010101100
000000000000000000000000001000000000000000000000
010011010001000000100000100001001001000000010000
000000000000000000000000000000000000000000000000
000010000101000000000000110100000001000000000000
100000000000000000101000000000000000000000000000
000000000000000000000000000000000000000000000100
000000000000000000000000000000000000000000000000
000000000000000000000000001000000000000000000000
001000000000000000000000001000001000000000000000
000000000000000000000000000000000000000000000000
001000000000000000000000000000000000000000001100
000000000000000000101000000000000000100000001000
000000000000000000000000000000001000000000000000
001000000000000000000000000100000010100000000000
010000000000000000000000000000000000000000000000
001000000000000001101000111111110111001100101010
100001000000100000101000100000100010000000000000
001000000000000000100000000000000000000000000000
000000000000000000000000000000000000000000000000
000001000000010000001000001000000000000000000000
000000000000000001100000000000000000000000000000
000000000100000000000000001000000000000000000000
000000000001000000100000110000001000100010000101
000000000101000000101000001000000000000000100000
000000000001000000101000100000000000101000100001
000000000000000000000000001000000000000000000000
101000001001000010101000111000001000100000010000
000000000000000000100000111111110111000100000000
000000000000000000000000100000000001101000000000
000000000100000000101000100100001010000000001000
101000000101000110101000000000000000100001001100
000001000000000000100000100000000010000000010000
001000010001000100101000110101000011101000000000
000000010001000010000000111000000001000010000001
000000000000000000001000000000000000000000001000
000000000000000000000000000000000000000000000000
001010000001100111101000000000000000000000001100
010010000000000000100000100000000000100001000100
000000000000000000000000001000000000000000000000
000000000000000000000000000000000000000000000000
000000000100000000101000000010000000000000000000
000000000000000000000000100000000000000000001000
001000000000000000100000000000000000000000001000
000000000000000000000000001000000000000000000000
101000000100000100101000000000000000000000000000
000000000000000000100000111111110111101100101000
000000000000000000000000001000000000000000000000
000000000001000001100000110100000010000001000000
000110010001010010000000110011000001100000001000
001000000000000000101000000000000000000000000000
000000000000000000000000001000000000000000000000
100010000001000000101000000000000000000000010100
000000000000000000100000000000000000000000001000
000000000000000000000000001000000000000000000000
011011000001001001101000110000000000100010101100
110000000101000000101001111001010100100000001100
000000000001000000000000000000000000000000000001
000010000000000000000000000000000000000001010000
001011000000100010101000111101000010000000000000
000000000000000000000000000000000000000000000000
000000000100000000101000000000000000000000001000
000000000100000000100000000000000000101000000100
000000000001100000101000000000000000000000000000
000000000000000000100000000000000000000000001000
000000000000000000000000000000000000000000000000
000000000000000000100000000000000010000001000000
000000000000000000000000000000000000000000000000
000000000000000000000000100000000010000000000000
101010001011000100101000000000000000000000000000
000000000101000001101000111111110111000101001001
000000000001000000000000000010001001000000010000
010000000000000000000000000000000000000000000000
000000000000000000000000000000000000000000000000
000010000001000000000000000010001000100010000001
000000000000000000101000000000000000000000001000
000000000000000000000000000000000000000000000100
001010000000100001100000000000000000000000001000
000010000001000000000000000000000000000000000000
000000000000000000000000001000000000000000000000
000000000001000000000000000000001000000000000000
000000000000000000101000000101000000000000000000
010000000100000000100100000000000000000000000000
001000000001100000101000100000001001000000000000
001000000001000100100000000000001000100011000100
100000001101000000101000111111110111101100101000
000000000000000000100000000000000000000000001000
000000000001000000000000001000101000001000010000
001010000001000000101000001000001000000001001001
000000000001000000100000111111110111000100000000
000000000001000001101000010000000000000000000000
001111000000000001100000110100000010101000101000
001000000001000000101000000001000000000000000100
000000110101000000000000111000000000100000000000
000000000000100000101000000000000000000000000100
000000000000010000000000000000000000000000000000
000000000101000000000000110101000010100000000001
001010000001000000000000110000000000100000000000
001010001011000010101000000000000000100000000000
000010000001000001101000111111111111101100111100
000000000000000000000000000000000000000010000100
000010000100000000101000111111110111100100101000
000000000000000000000000000000000000000000001000
000000000100000001100000000100000000000000000000
010000001001000000100000101000000000000000000000
000000000000000000000000000000000000000000000000
001001000000100000100000000000000000000000001100
001001000001000101101001000000000000100010000100
000000000000000000100000000000000000100000011100
000000000000000000000000000000000000000000000000
000000000010000100100000001000000000100001001000
101010000000000000101000111111110111000100001000
000000000001000000001000001000001000000000001000
000000000101000000000000000100000010000000000000
000000000000000000000000001000000000000000000000
000000000000000000000000110100000011000000010000
000000000000000000000000001000000000000000000000
000000000100000000101000111111110111001101001000
000010000101000000101000110001000000000000000000
110010000001000010101000100011000000100000000000
000010000000000000100000001000000000000000000000
000000000101000000100000000000000000000000010000
000000000000000000000000000000000000000000000000
000000000000000000100000101100001010000000000000
000000000100000000000000111100000000100000101000
000000000000000000000000000000000000000000000000
000000001000010010101000100000000000100001000000
010000010001000011100000110101001001100000011101
000000000000000100100000000000000000000000001100
001000000001000001001000110101000010100000000000
000000000001000000101000000000000000000000000100
000000000001000000100000000010000000000001000000
000000000101000000100000011000000000000000000000
000110010101000000101000000100000001000000000000
001000000000000000101000000000000000000010000100
000000000000000000000000000000000000000000000100
000000000000000000000000000000000000000000000000
100000000011000000101000000000000000000000000000
111011011101111111101010000000001001100111110101
000010000001000000000000000000000000000000000000
000000000000000000100000000000000010000001000000
000000000000100000100000000000000000100000001100
000000000000000000100000000000000000000000001000
000001010001000000000000110100000010000000000000
000000000000000000000000110000001000100010000100
001000000000000001100000000000000000000011001100
000000000000000000100000000000000000000000000100
001000000000000001001000110101100011000000000000
000010000100100000000000110000000000000000000000
000000000000000000100000001000000000101000001000
000000000000000001000000111101000010000000001000
000000010000000000000000000000000000000000000000
000000000000000000000000110000000000000000001000
000000000000000000000000001000000000000000000000
000000000000100000100000000000000000001000001000
010010000000000000001000001000010100000000000000
000000000100100000101000000000000000000000001100
100010000001000010000000110100100010101000010001
000000000000000000101000000000000000000000001000
000000000000000000000000110001000000000000000000
000000000000000000000000001010001000000000000000
000000000000000000001000100000000000000000000000
000010000001000000000000110010000000100001001000
000000000000000000101000111111110111101100101000
000000000000000000100000111111110111000100000000
000000010001100010000000100010001001110000000001
101000000000000000100000000000000000000000001100
101001000001100100101000000000000000000010011100
100001000001100000101001000000001000000000000000
110010100110100101101000000000000000000010001100
000010000000000000100000000000000000000001000000
000000000100000000100000110100000001000000001000
000000000000000001000000110101100011000000000000
000000000000000000000000000000000000000010000100
100000001000000100100000111111111111100100101000
000000000000000000000000000000000000000000000000
000000000000000000000000111111110111000100000000
000000000000000000100000100000100000000000000000
000000000000000000001000111111110111000100000000
000001000001000000100100000000000000001000000000
001000000000000000000000000000000000000000000000
000000000000000000000000000000000000000001000000
000001000000100000100000000000000000001000001100
000000000000000000100000000000000000000000000000
000000100100000000101000001000010100000000000000
000001000101000010101000000000000000100000000001
000000000000000010000000000000000001000000000100
000000000100000000100000000000000000000000000100
000000000101000000000000000000000000000000000000
010010000100001000101000110001000000100000000000
100000000000000010000000001000000000000001000000
000001000000000000100000000000000010000001010000
001000000001000000000000000000001000000001000000
001001000001000000101000000000000000000000011000
001000000001000000100000110000000000000000000000
000000000000000001100000000000000000000000001100
000010000001000011000000110101000010100000010001
000000000001000000000000110000000000000000000000
000000000000000000000000001010001000000000000000
000000001000000000100000000000000000000000001000
000000000000000000100000000000000000000000000000
101010000101000100101000000000000000100000000000
000000000000000000000000000000000000000000010000
101011011001100010000000100100000000100000001000
001001000100100000101000000000000000000000001000
100000000011000000101000000000000000000000000000
001010000001000000001000110010000001000000000000
000000000000000000000000000000000000000000000000
001001000001100101101000000000000000000000001100
100000000001000000100000111111111111101100101000
000000000001000000000000000000000000000000000001
011000000101000000100100000000000000000000000000
010010010100000101101000000000000000000000001100
001000000000000000100000001000000000000000000000
000000000000000000100000000000000000000000001000
100000000000000000000000000000000000000001001000
000000000000000000100000001000000000000000001000
000000000001000000101000010000000000001000000000
000000000000000000000000000000000000000000000000
000000001001000000000000110000001000101010000110
000000000001000000000000000000000000000000000000
100000000000000000100000000000000000000000000100
001000001000000001100000000000000000000000000000
000000000001000000100000000000000000000000000000
000010000001000000001000000010000000000001000000
001000000001000000100000000000000000000001000000
001010000001000000101000000000000000001001000000
000000000000000000000000111111110111000100000000
110010000101000000001000010000000000000000000000
100000000000000000100000001000000000000001000000
011000000101000000100000000000000000000000000000
000000000000000000000000001010001000000000000000
001000000000000000000000000000000000010000001000
000000000000000000000000111111110111000100000000
000000000000000000000000001000000000000000000000
000000000000000000000000000000000000000000000000
111010010001101010101000100000101010100101011001
101000001011000001101000011000000000101001000001
000000000001000010001000100001000001001000001000
100000000001000000100000100001001000001000000000
000000000100000000000000001010001000000000000000
000000000001000000100000000000000000000000000000
100000000001000100100000101000000001000000001000
000000000000000000100000110001000010000000000000
000000000100000000101000000000000000100010000100
