3000
130736
311584
650819
489181
875994
980506
837519
590378
644157
35967
149900
529664
48552
435765
374034
143388
646395
314113
982256
384376
207479
270999
645698
397823
818132
25084
381478
220167
303234
507063
698913
166266
989970
487436
271537
630460
590231
803518
972712
695468
293145
410185
577299
725626
681019
933671
312410
660041
384069
575478
675282
209610
579213
598554
506021
89162
268120
641080
669773
837738
984022
823585
921111
268388
870541
519698
653157
457248
278227
127152
191073
258282
327365
768753
431542
385334
502930
962466
899367
881974
230539
354487
728658
323121
735831
315970
42714
820501
360684
384875
733113
214490
370709
950889
268231
827557
119157
486170
634654
33271
550732
431811
487390
662078
898443
774962
553052
277391
112330
992220
766673
322311
543652
371001
516142
506546
633250
75722
974524
271159
107030
192640
373865
837167
297902
104818
832728
583914
286933
566922
191280
335489
728640
518360
224135
693048
676122
340646
559904
974262
391831
455401
979256
2379
59998
477207
402608
590304
950920
367715
534731
708390
470402
22581
303803
977164
286993
168884
796985
747815
839469
838969
688783
634477
639292
879767
201734
437743
378605
987447
978551
458469
535559
404944
331309
206087
516653
978950
716555
904140
994459
790563
119178
96315
815244
560411
38162
834330
960152
121593
774040
400427
775128
289379
385592
50192
330572
605682
398
949101
260685
633405
670039
628609
80003
26599
860387
200450
503477
38089
799452
401022
80804
670875
549850
622376
37965
675761
499505
834137
610496
469839
214778
89849
335814
66957
977161
553954
481400
214111
739690
22461
235147
999836
700230
440377
520195
593424
364237
883034
590660
746147
782860
10669
269785
74474
747684
15463
393473
618119
806541
334085
513813
115595
77733
967844
170089
829210
632144
438837
402182
574166
764369
460084
109000
451259
595050
177506
852517
90352
552964
441820
637246
850062
336351
333184
118978
990135
555733
296071
42408
557327
773575
753512
94991
994233
272828
362903
662040
352315
376563
931787
493121
472078
142628
904941
755811
285049
726077
649241
730712
542935
801823
751423
462477
816311
485116
498098
173670
136147
347677
677164
557606
389263
488897
948793
591927
171984
828880
912818
65493
439480
38204
249855
396506
992197
545180
315792
923602
839915
882231
577919
613442
877355
294367
289112
882158
889785
773069
564194
877662
86469
261012
361441
436669
718396
635093
74165
282785
577966
78785
759492
95453
314162
401064
240295
988590
611928
423939
287462
720969
751941
62901
920565
558742
791540
779957
383218
912866
971101
421002
298711
47138
959554
410892
799249
493255
629323
427438
278099
70680
882688
11722
134205
19181
938075
114374
378575
863808
433345
681839
832850
217700
749171
642072
288171
51320
97423
739137
541643
951381
622747
380562
598059
75993
453349
717971
407334
364485
737149
613108
335794
819094
421498
711789
302819
305609
233260
976136
628802
468534
482535
368880
807616
587390
204008
90862
584906
941442
93316
368180
172465
353303
191987
260645
880865
731695
501626
248711
734713
622342
794459
140085
843759
177710
869858
768146
734403
393797
671360
470602
721247
923092
843908
576821
74035
544581
84331
582974
570705
876533
914450
343526
191542
340744
341805
719866
315905
240425
222760
398745
118335
302866
459588
397222
717681
168647
49351
354083
711026
650682
504714
308771
331670
498123
71838
765154
669191
276538
339603
391964
429936
907449
606085
325637
180253
238904
829904
708530
36462
175560
134169
943137
633570
751612
374828
107586
471461
557175
535504
691633
16081
9368
115685
436271
261680
887090
733857
730728
837256
108683
170748
814948
123664
471658
776481
79539
670796
63823
622546
116520
242923
951079
540430
203546
736572
815720
12642
960120
600169
402859
218300
567635
565709
589335
94191
380552
88755
366050
85441
524794
949015
557934
603773
521742
806764
23684
892229
800578
940935
995248
589093
168421
625134
174010
671610
667556
934309
943182
336131
598735
803135
439614
841935
363982
130469
657294
1963
377346
969054
733781
748903
341948
642257
748423
976219
47667
205765
606599
349833
777343
273376
308412
295383
534027
484738
28103
858525
514856
750231
595191
49929
448185
309140
469268
529624
791425
519733
552053
97183
218465
394713
934513
861305
904379
444674
990551
799623
449862
553059
416589
761859
530484
172248
877534
162638
405399
390431
148069
333510
642725
966312
386370
739496
581473
764902
890115
179975
705180
675244
822164
91048
67552
199988
924097
609854
454104
751803
606025
838420
24863
554834
47414
147408
836623
848320
973256
734402
66097
417725
479932
916396
365256
557869
898270
678777
8682
560144
627651
798016
914826
687151
234992
574119
293335
244933
988646
88888
981953
223857
327264
870328
776845
919812
572615
340490
890575
299235
94501
254567
968202
842640
336286
78776
279
477756
786226
66632
88024
676966
238350
620572
298707
4406
736943
34957
199725
657189
899357
421884
77827
329918
566677
103043
855018
790969
6915
688746
186854
462886
647569
424287
286691
89122
74313
904196
765928
11170
582351
508096
575526
233311
997274
714112
77816
170911
37564
621971
354246
281755
960584
978941
917706
667538
356167
67959
219947
822946
830641
872876
341623
776569
853357
303661
226468
535504
814094
783872
747272
568515
812707
216606
623969
400463
245999
867768
215648
375089
445095
74290
577527
183538
87960
170258
568914
22367
878321
966126
410953
508524
135575
628291
513404
181238
840046
301881
248645
463452
53927
921097
218941
198852
886841
36447
448752
887139
855039
234462
108088
753501
225654
812570
517462
654831
905492
815896
979815
853890
46251
254478
182925
988337
638440
8986
800850
982154
286134
170357
135603
995515
703762
817565
806774
100616
647205
245782
764929
930034
404292
841739
180129
635184
663653
250543
238770
999968
135312
67000
946831
626555
439834
827901
712379
925079
274279
161222
318385
529268
302178
671052
94624
812832
514380
155758
893863
744289
424826
261710
891370
289847
888672
115317
459056
832773
198673
61031
189151
649696
70805
473264
494636
277145
406623
75373
734104
554824
438095
730531
716064
150569
277219
900215
379482
223570
77501
56513
21458
274423
31856
626721
781402
972692
763475
139536
142292
436244
415660
131091
780049
525227
929648
111100
747454
868043
98475
768947
501779
248827
982874
727274
219104
971023
7023
78290
289711
771839
75142
512791
754033
953966
264182
50655
33458
539452
46674
298167
581383
529393
849888
451060
533748
83203
186268
297652
749545
362356
415382
71637
553138
889582
390161
571716
198616
778348
179545
839016
958019
294071
558328
703610
214788
576635
370705
535643
60061
274189
785531
366832
989078
966005
773120
589868
774669
933597
32194
907797
634597
301286
581901
892627
797492
262595
271686
616292
122837
619487
151067
366119
432143
388094
502506
831913
706616
977272
335323
993862
415257
386395
136107
395519
155742
963357
827328
858741
660041
912818
128242
863234
700841
30231
120843
812767
65285
927901
743059
889242
963337
848696
985326
543267
741949
75220
90960
966498
168727
893770
397185
927579
356930
938671
388401
985506
155741
233331
302855
756561
167360
141413
827105
187655
978602
564116
978401
851893
520077
885808
633206
482171
521941
147800
274319
414360
761363
116205
848285
796932
339361
459600
624215
238402
468717
600219
873259
602640
951448
660836
475004
338414
889731
982353
828317
425684
832444
478777
565997
517950
698281
907151
126816
309090
19911
858252
841835
655157
13360
577966
495757
831224
126275
425250
712305
356517
168556
364677
729768
679341
849255
105484
333391
181158
299475
990184
630822
593171
741766
814123
652856
212989
717038
744169
69910
943646
95178
399185
188953
520231
631532
314151
121805
303546
656801
81924
183433
98933
460408
202352
324518
102282
632417
397126
840579
186556
266922
653519
172422
692062
643680
505929
253943
452164
963737
88133
707319
452878
697446
653373
206391
496242
677108
211904
687107
704777
843947
820772
956303
265628
157363
691799
624884
334523
899277
101406
644723
602215
606550
781129
347168
943410
835877
932324
980808
460179
318694
993698
123441
30966
88257
69975
307708
939202
273170
258536
143697
558874
658457
68748
26215
46023
130701
153676
159321
146295
187388
604712
628188
396942
401178
976083
601695
659539
658644
202448
168616
956362
779579
999373
435006
204012
793363
340232
999080
815880
758690
520793
964739
677943
459097
436241
767093
317047
354947
344833
510227
303402
390697
280172
221941
642050
648539
857841
753956
40437
398312
909810
647660
653772
730537
107710
927833
738810
564238
709142
55910
545207
710568
383171
639695
843876
723156
202089
188111
163196
106691
336678
465079
567068
405537
157255
785641
60988
88646
886279
579252
600316
941609
464895
130642
850821
260359
585829
73160
708926
579075
243774
18007
801814
375712
454341
844135
865920
912092
408695
289131
803676
812283
673348
888290
95854
822067
529993
419682
398823
773529
796110
365432
82170
832690
121205
73717
717768
663841
685700
529716
967688
715191
228002
580897
875872
244224
592130
81489
217713
235794
910160
468479
305283
16496
609000
850737
298162
325692
532212
991300
678185
425354
681219
650379
338352
761123
688901
409775
151809
470757
354166
943862
538418
309254
252287
365386
290233
1488
403520
540580
799606
492150
884708
818459
872694
607954
125164
765559
634340
875792
596985
518723
627039
417354
727755
26999
191854
884404
768896
277092
158477
187110
457297
915283
272434
535693
587836
845057
847526
929985
377535
479845
11965
113261
909802
407972
824352
879393
424988
38899
37830
204899
247825
441954
407520
304537
518754
551278
488059
987920
642507
696195
458445
279507
380801
306432
186857
875588
742706
730235
658703
528118
530670
540048
472630
99503
873670
109048
863457
633673
230408
182099
478054
650606
580498
809653
875955
391253
868182
479283
51222
270019
696909
715865
61552
841534
485033
134008
399730
68105
770461
276673
456778
153555
395577
919592
135870
317231
575585
630199
78602
968349
366915
786955
397481
466964
578928
36878
331444
166815
407321
262992
435469
744495
384622
913729
391885
517189
179199
29139
529817
990396
366971
676024
443562
831992
610962
538926
906438
291489
515532
834230
90377
706701
856327
305542
876639
452912
577675
539178
286649
705414
530810
600197
425649
49433
209379
188819
808677
569857
504475
918676
307271
991379
421249
949640
674670
581551
517510
572008
387005
246371
229226
641038
901244
698557
674754
966232
130288
986323
566622
699262
74732
554358
409013
283350
102919
93030
592666
612855
604361
613120
188959
705726
947173
939480
704782
758973
788140
137303
509918
237393
572950
495287
603106
937841
86668
997832
589761
625507
69378
614693
352100
990643
94622
761956
99236
335557
795638
48774
10010
559672
630830
466723
336700
937820
921040
651308
262310
143994
607492
987320
573942
475136
972843
261350
485337
665350
243954
684366
818282
93967
356298
62305
384514
162933
925063
416447
108750
861410
657818
558277
383505
960793
668822
979615
558922
67918
786973
508890
217735
172570
616777
698478
591805
37217
838250
984362
194431
653485
459151
828023
981698
790336
618246
658425
717186
874611
278827
907282
560949
966055
721748
993806
185071
292621
289321
195393
44350
239639
79905
85107
426666
255017
958334
286905
74562
313949
204683
725173
694114
174152
95954
310338
495541
371862
449442
497320
350121
928381
196272
39783
535185
399646
930228
188206
634522
677954
862298
794521
802906
364065
174345
473929
604905
800861
534409
90498
238774
315306
639593
87526
951337
543742
605145
697816
796762
643148
138725
497356
94067
943810
566504
175031
623916
862813
385368
158530
155143
869647
75495
905106
343790
90655
368284
255422
115044
588987
868470
987842
377300
639477
126268
197308
311281
763467
956991
113252
980238
317407
722930
250538
419317
698219
634260
122928
610602
294178
358291
178226
708513
520681
561326
627259
986318
654032
740994
334659
258746
943455
245293
413263
449731
622336
523354
338759
15561
152507
855171
738145
129282
890754
100785
510542
613066
171412
669159
290518
964501
808965
996066
752455
168737
733333
684902
587988
780605
382076
933791
753468
285603
26391
705589
430733
543094
377976
790645
488581
983581
699988
197882
285330
803000
822558
375336
650537
9165
500431
767540
957261
178405
894346
790965
702499
443668
271775
738944
170660
204587
962313
439679
648353
445418
416037
884244
595061
440365
396095
649847
678816
846106
847962
95065
596833
749435
996948
58436
240413
868787
23777
113611
123880
755718
879496
167672
28059
225277
669602
435833
732933
405823
566343
98003
135461
769346
893062
781176
474533
191703
696425
988817
822039
643675
93001
519627
290732
999163
692219
63413
53690
439453
964703
709429
922556
57413
624718
305060
655108
585966
968569
350705
278212
540751
985835
811612
318519
724356
557919
890581
638680
916266
365965
558710
405377
145688
732425
797282
169158
701584
946258
663080
702026
99533
218301
45428
530325
417290
614355
71419
452217
367916
247858
898048
328516
484310
53011
251966
591908
800087
864928
412492
917996
498291
451048
284904
278393
857373
174356
713042
232846
801602
58981
53621
124573
232765
658024
284780
255130
938798
369609
648149
758095
133570
354939
475834
251136
630044
353722
693310
281297
179564
971623
744542
311476
515146
202188
623290
958409
822260
16804
645446
273704
518506
952829
462844
730112
433532
486958
686176
248423
275831
791860
324641
702545
124840
741208
835697
864190
966532
640852
363476
586957
138563
348811
65242
725023
443642
863915
935597
700590
799499
597511
954184
553766
611374
442848
433043
615299
333050
241271
732635
29694
889032
670941
922069
347833
949340
186926
682608
15531
145220
665694
294058
354172
736806
764729
641433
589778
820473
116906
875728
542193
98924
702802
653593
228390
604442
878541
223269
629946
131632
512638
275303
83163
780812
154557
74306
438673
41848
457588
147676
235135
56718
296102
111945
102826
871406
891536
796558
550210
316662
387722
870711
258972
979050
49303
385013
814732
211090
891060
525038
711790
9177
845858
554858
351156
788190
735387
667463
295116
927538
305676
953576
925141
555428
265130
963913
526973
282740
252906
754154
543035
324357
892487
659505
809536
319247
74994
465765
692695
686658
170503
285811
928316
585760
328259
824959
119572
194962
841994
218653
206139
650995
137732
692474
919832
499095
416981
881054
602754
845689
14554
54234
161087
452392
45838
995637
748667
627931
726444
789416
262185
990915
953255
862120
648382
809502
118186
630668
265297
730850
906622
35894
135863
279129
340469
241914
311222
942511
654620
110658
592887
76207
719536
716575
253458
597330
458950
465607
89902
902429
92592
291955
189972
517817
88546
81934
682716
792709
702459
306808
755943
224076
452373
698476
49180
763993
918071
899476
853462
463637
812895
254880
68998
615162
112508
531085
802949
345679
728317
774104
839471
544785
594817
447205
538029
15057
438644
29912
931640
18168
636046
816095
283685
346507
955054
944165
401715
423063
728065
538892
277446
81519
226114
405808
257851
854713
176763
624975
985949
899339
19920
339510
285828
640951
631010
168448
470332
699613
694121
727346
653646
668883
898441
732670
868476
561847
562609
936613
99993
916010
852418
617674
894209
209071
68864
384633
284678
984210
260793
656005
722078
459178
644223
763526
809768
821369
73134
841018
596031
938005
453560
699861
909818
269807
507778
967170
657821
954350
601096
975333
864746
174167
468245
854354
126421
356758
134448
237852
445482
725706
576108
170497
350979
469563
903407
353240
673726
817579
771803
258630
504800
323061
364788
760515
791548
140040
110074
463795
303846
457777
101319
783112
987096
910081
350372
232536
62767
604713
88493
830056
143147
534949
659706
259804
987408
832216
814956
447773
953909
782685
107296
857675
986513
523780
185814
360249
612902
289783
629354
136654
518738
900937
732679
785994
107512
909056
940856
455449
491689
367842
699066
109554
35881
598386
326398
698253
976028
459908
352357
892563
691200
667304
255780
171348
116058
945046
170714
213734
996108
948381
900535
280981
773303
642134
642317
326928
484826
227907
57736
737551
482728
711989
886296
187866
377808
953692
252825
42810
58843
386812
571557
231599
206743
169471
176983
125848
340727
825690
700063
497979
271562
59170
393739
781621
647667
36196
286190
410903
152080
784344
118560
603262
479978
285631
254507
352329
729648
808422
432467
941435
968851
27224
561355
20482
561665
341692
126440
83041
559820
644616
533160
544208
176953
251611
419060
536629
94019
224050
865581
270313
61036
68430
657640
350167
848649
433747
342121
138016
489423
568692
176674
286744
685018
705752
479967
806130
865980
941303
542146
580642
865993
733136
580347
515260
957755
987774
945629
750949
362860
467114
541712
828894
920745
845673
128684
724863
417562
92144
87544
988852
410554
967032
76048
580855
174654
285198
26755
400105
760627
687944
605912
16274
943648
476182
178591
8173
164341
376119
231898
736786
7382
782591
47651
89257
99030
977769
556661
292
770780
749951
825327
200470
35824
929924
323310
961820
476189
729582
655058
79571
657555
418519
345251
360146
693995
140316
947630
543106
188498
127704
933390
418930
347941
803399
259582
813570
920270
221776
79167
295946
620264
143883
908168
666275
1302
874600
970906
376648
571741
854986
873808
720460
879932
914228
535187
209833
527239
505493
256547
339610
940288
649072
287136
649578
183517
388695
29206
16239
371415
301294
385997
23072
200333
806739
253728
71819
211581
375574
989421
733004
593999
818407
292976
634955
724011
710162
735168
757694
713625
392428
837818
438012
539666
896295
569384
183161
885353
44013
102859
775947
223539
426699
303484
163342
712091
597578
421392
746713
256633
295570
544382
334056
384505
286325
173221
856191
720593
692003
543983
379047
351894
819036
749571
274381
440689
298494
144565
233991
214903
240567
196596
698504
617686
925475
170030
903064
242404
387671
976499
639751
899110
65374
501909
378887
661148
801006
766967
146908
245434
709300
773009
312932
405487
488062
199801
708995
143340
766815
764517
881235
541003
465141
829188
647530
418832
940278
237653
742067
357880
798836
428688
242522
865705
342702
139073
550011
840697
930301
402633
943652
110169
544473
808156
985919
572703
798879
73354
490150
478118
335552
690007
8810
680005
25484
832513
678293
220675
65835
379619
415795
707440
824242
821804
533684
189816
224599
737495
752032
436408
717299
424220
298643
793938
35764
414695
617058
264034
320897
184765
149341
971319
603867
800458
574714
815470
104059
206863
623014
770733
89953
975479
181839
506427
708210
971817
806412
365103
149129
884634
617755
382551
407491
222088
806050
627621
312663
481776
189273
679093
904514
469424
54635
358215
761082
188810
902796
269242
885773
717647
986460
866991
119117
107882
680977
197456
837229
887490
439058
732973
955306
202453
524291
862655
716339
804179
349533
959949
441538
794953
612567
335543
916302
790170
185097
322347
700612
945315
301826
247368
257910
220731
765343
295596
703403
905474
92624
91747
764455
363715
165047
974176
833029
996577
132903
9526
959669
637272
428610
822945
955236
663760
452262
779642
909048
588823
708294
24725
982597
325418
168070
665666
14533
474351
634473
734918
978388
921617
536401
464023
953895
887725
975604
330659
898485
98657
349637
123723
186110
246297
87300
720100
318747
50904
217288
498433
219717
156825
939640
459074
569977
832825
287519
187378
990620
733578
478416
330369
853961
215429
89926
847588
335958
768066
702737
30507
323596
157239
313076
287347
396936
683473
405132
246860
844307
632569
412120
794771
139703
248434
777888
874695
98566
33712
632020
541184
777550
275836
453207
471338
17603
108338
430570
916345
253773
831327
463863
462734
481735
289748
329061
961482
2389
577343
762602
34485
962059
474222
919062
124244
212408
46255
788017
89881
349074
198544
526617
51879
521907
786097
448676
766284
239461
577949
166013
1389
194858
720531
854514
341297
252047
693236
717743
756174
893024
297795
690290
992197
935505
526645
535945
985562
357174
204604
441411
685858
211449
468163
554069
341529
555761
480172
588855
452082
98274
47623
121797
393675
550367
166078
823943
235836
313611
997177
442451
666108
816544
255262
460658
178405
384548
635087
720771
440080
636603
212651
854434
508831
877700
942372
554760
166472
471780
424635
63375
249731
611066
790850
667241
195639
404626
274788
543204
246388
793282
4411
169459
355037
438027
948069
573220
126948
793276
433736
719710
840109
453673
404643
285392
990724
389007
649900
255562
95096
108860
278488
974666
710319
180075
116350
541217
969375
259098
868943
697072
323576
472209
996158
882052
553512
945492
195558
225574
644069
858732
106796
155702
202315
25780
118476
640771
475571
327239
248481
522540
567355
595166
152770
503675
179756
665352
737745
858511
480119
847318
706774
70706
390998
968854
769860
424597
106062
677853
997711
441284
186565
396679
