STRACK REPORT
#Trac Sec  Entr      Init   Comp   Wait    Serv   TmInSys
 1 79  23   19.60   19.60  259.00    0.00  239.40  239.40 
 2 47  14   27.60  259.00  357.10  231.40   98.10  329.50 
 3 43  10   32.60  357.10  371.70  324.50   14.60  339.10 
 4 21   5   39.40  371.70  440.20  332.30   68.50  400.80 
 5 72  14   41.20  440.20  594.10  399.00  153.90  552.90 
 6 16   6   59.60  594.10  764.30  534.50  170.20  704.70 
 7 52  21   74.30  764.30  873.80  690.00  109.50  799.50 
 8 89   6   78.50  873.80  986.30  795.30  112.50  907.80 
 9 40  12   88.60  986.30 1133.90  897.70  147.60 1045.30 
10  9  15  115.30 1133.90 1227.20 1018.60   93.30 1111.90 
